QSO z_abs EW_r EW_r_e logN logN_l logN_u
J000149-015940 2.0940828 0.684 0.009 14.6 0.0 1.0
J000149-015940 2.0107318 0.082 0.002 13.438 0.088 0.102
J000149-015940 2.1537047 1.083 0.008 14.843 0.023 0.036
J000149-015940 2.2281858 0.041 0.003 13.117 0.106 0.145
J000149-015940 2.6365149 0.049 0.004 13.137 0.068 0.103
J000149-015940 2.2056864 0.066 0.003 13.369 0.098 0.122
J000149-015940 2.3897223 0.047 0.003 13.119 0.066 0.102
J000322-260316 3.5365185 0.18 0.006 13.734 0.03 0.037
J000322-260316 3.5578862 0.076 0.013 13.286 0.019 0.05
J000322-260316 3.3902566 0.622 0.004 14.545 0.027 0.034
J000322-260316 3.3362648 0.011 0.001 12.468 0.061 0.098
J000322-260316 3.5943757 0.133 0.007 13.55 0.025 0.033
J000322-260316 3.1616459 0.108 0.009 13.459 0.024 0.036
J000520+052410 1.8013611 0.028 0.002 12.88 0.06 0.074
J000520+052410 1.3042216 0.112 0.002 13.615 0.067 0.073
J000520+052410 1.4989819 0.028 0.001 12.891 0.066 0.082
J000520+052410 1.7444267 0.385 0.005 14.185 0.035 0.038
J000520+052410 1.7267892 0.032 0.002 12.917 0.044 0.059
J000520+052410 1.4363541 0.142 0.003 13.648 0.045 0.05
J000520+052410 1.7778418 0.03 0.002 12.894 0.048 0.062
J000520+052410 1.4714544 0.018 0.002 12.666 0.054 0.084
J000520+052410 1.3861359 0.017 0.002 12.616 0.066 0.096
J000815-095854 1.6926496 0.046 0.004 13.096 0.049 0.07
J000815-095854 1.853336 0.024 0.002 12.817 0.069 0.098
J000815-095854 1.7947148 0.179 0.009 13.729 0.031 0.04
J000815-095854 1.7670991 1.102 0.008 14.778 0.0 1.0
J000931+021707 1.8913296 0.095 0.002 13.737 0.057 0.093
J000931+021707 2.1295397 0.043 0.005 13.08 0.044 0.085
J000931+021707 1.8183984 0.461 0.01 14.433 0.0 1.0
J000931+021707 2.0340675 1.015 0.006 14.87 0.0 1.0
J000931+021707 1.8544329 0.026 0.005 12.811 0.039 0.1
J001643-575056 1.3873525 1.297 0.02 14.811 0.0 1.0
J002110-242248 1.8068232 0.438 0.015 14.379 0.0 1.0
J002110-242248 1.7913963 0.516 0.012 14.398 0.0 1.0
J002110-242248 2.0164498 1.01 0.011 14.836 0.0 1.0
J002127-020333 2.35932 0.085 0.007 13.411 0.043 0.071
J002127-020333 2.3978281 0.043 0.004 13.112 0.055 0.097
J002127-020333 2.0624008 0.291 0.019 13.939 0.021 0.037
J002127-020333 2.2388245 0.205 0.008 13.905 0.041 0.057
J002127-020333 1.8861404 0.035 0.003 13.027 0.06 0.098
J002127-020333 2.5369976 0.182 0.013 13.745 0.028 0.048
J002207-150539 3.3948308 0.323 0.006 14.174 0.0 1.0
J002207-150539 3.3734681 0.21 0.015 13.778 0.022 0.032
J002207-150539 4.1141301 0.253 0.024 0.0 0.0 0.0
J002207-150539 4.0962534 0.109 0.009 13.53 0.028 0.056
J002207-150539 4.0707325 0.087 0.008 13.443 0.032 0.071
J002207-150539 3.7530808 0.253 0.03 13.866 0.02 0.038
J002207-150539 4.2440816 0.119 0.011 13.554 0.026 0.056
J002207-150539 3.9879032 0.018 0.004 12.639 0.036 0.095
J002830-281704 2.3146527 0.199 0.014 13.864 0.03 0.064
J002830-281704 1.6813502 0.113 0.009 13.512 0.027 0.055
J002952+020606 2.1679097 0.075 0.005 13.462 0.056 0.106
J002952+020606 2.1208766 0.849 0.015 14.656 0.0 1.0
J002952+020606 1.8059871 0.136 0.006 13.838 0.0 1.0
J002952+020606 1.9567585 0.124 0.008 13.599 0.037 0.07
J002952+020606 1.8133496 0.17 0.007 13.973 0.0 1.0
J003023-181956 2.403261 0.857 0.009 14.664 0.024 0.031
J003023-181956 2.4215299 0.274 0.009 13.922 0.027 0.032
J003023-181956 2.0212332 0.036 0.004 12.998 0.054 0.09
J003023-181956 2.4681229 0.196 0.011 13.754 0.03 0.035
J003501-091817 2.0801214 0.299 0.004 14.14 0.038 0.048
J003501-091817 2.3756778 0.06 0.005 13.214 0.036 0.056
J003501-091817 2.2211004 0.261 0.009 13.923 0.029 0.038
J003501-091817 1.9939618 0.173 0.005 13.841 0.046 0.062
J003501-091817 2.3358883 0.135 0.009 13.616 0.036 0.049
J003501-091817 2.1128544 0.26 0.007 13.937 0.031 0.039
J004131-493611 2.9184652 0.13 0.002 13.579 0.036 0.04
J004131-493611 2.4847106 0.171 0.004 13.735 0.036 0.042
J004131-493611 2.8526944 0.016 0.001 12.615 0.049 0.068
J004131-493611 2.9659437 0.045 0.003 13.052 0.025 0.038
J004131-493611 2.351331 0.122 0.002 13.601 0.045 0.051
J004131-493611 3.1067675 0.092 0.003 13.397 0.034 0.039
J004201-403039 2.0446612 0.254 0.012 13.891 0.026 0.039
J004201-403039 2.0808128 0.199 0.012 13.782 0.029 0.042
J004201-403039 2.1636783 0.124 0.007 13.596 0.041 0.055
J004201-403039 2.0643789 0.961 0.009 14.763 0.0 1.0
J004216-333754 1.7879642 0.54 0.008 14.436 0.0 1.0
J004216-333754 2.1611062 0.348 0.013 14.098 0.027 0.041
J004216-333754 2.421669 0.672 0.018 14.462 0.018 0.03
J004216-333754 1.7984892 0.09 0.005 13.479 0.05 0.074
J004216-333754 2.2245093 0.635 0.012 14.436 0.0 1.0
J004358-255115 1.9564529 0.132 0.007 13.685 0.047 0.067
J004358-255115 1.8904216 0.283 0.011 14.033 0.034 0.049
J004358-255115 2.401242 0.266 0.01 14.154 0.0 1.0
J004448+372114 1.7177175 0.081 0.002 13.627 0.072 0.111
J004448+372114 2.01213 0.373 0.012 14.185 0.023 0.055
J004519-264050 2.0996179 0.076 0.005 13.374 0.049 0.069
J004519-264050 2.1409394 0.095 0.005 13.483 0.05 0.069
J004530-261709 2.7193717 0.046 0.005 13.099 0.028 0.051
J004530-261709 3.3716128 0.111 0.007 13.525 0.026 0.038
J004530-261709 2.8926807 0.1 0.007 13.454 0.023 0.038
J004530-261709 3.0446144 0.765 0.013 14.497 0.016 0.02
J004530-261709 3.1536045 0.049 0.005 13.133 0.029 0.054
J004530-261709 3.1294076 0.081 0.008 13.372 0.03 0.044
J004530-261709 3.2550851 0.297 0.004 14.138 0.0 1.0
J004530-261709 2.8186049 0.538 0.025 14.259 0.015 0.022
J004530-261709 2.91256 0.041 0.005 13.053 0.03 0.054
J004612-293109 1.2401187 0.724 0.011 14.543 0.0 1.0
J004612-293109 1.1597478 0.168 0.008 13.91 0.0 1.0
J004612-293109 1.1481616 0.284 0.004 14.228 0.0 1.0
J004612-293109 1.3164006 0.065 0.004 13.319 0.054 0.079
J005102-252846 2.0476783 0.103 0.004 13.656 0.058 0.085
J005102-252846 1.4527263 0.089 0.009 13.411 0.036 0.062
J005202+010129 2.1674471 0.111 0.016 13.454 0.021 0.054
J005202+010129 2.1918166 0.382 0.008 14.326 0.029 0.054
J005202+010129 1.9623888 0.104 0.007 13.537 0.051 0.072
J005202+010129 1.9114096 0.566 0.01 14.532 0.0 1.0
J005202+010129 1.6013269 0.296 0.009 13.992 0.028 0.036
J005700+143737 2.0051166 0.149 0.008 13.684 0.032 0.056
J005700+143737 2.2182794 0.11 0.01 13.499 0.031 0.059
J005700+143737 2.0175645 0.253 0.009 14.107 0.0 1.0
J005700+143737 2.3213781 0.144 0.008 13.703 0.042 0.067
J005814+011530 2.1963675 0.768 0.008 14.699 0.0 1.0
J005814+011530 1.9737943 0.256 0.005 14.067 0.04 0.055
J005814+011530 2.1443689 0.317 0.009 14.141 0.04 0.058
J005814+011530 2.3551984 0.112 0.013 13.491 0.031 0.059
J005814+011530 1.8672044 0.3 0.005 14.235 0.0 1.0
J005814+011530 2.0119895 1.502 0.016 14.929 0.0 1.0
J005814+011530 2.2356554 0.131 0.009 13.586 0.033 0.055
J005814+011530 2.0321926 0.327 0.01 14.049 0.031 0.043
J005814+011530 2.2876146 0.15 0.01 13.65 0.039 0.058
J005824+004113 1.4067669 0.058 0.004 13.207 0.035 0.05
J005824+004113 1.4577925 0.435 0.007 14.327 0.0 1.0
J005824+004113 1.8317928 0.417 0.004 14.449 0.02 0.024
J010054+021136 1.463642 1.05 0.007 14.878 0.01 0.018
J010054+021136 1.8164849 0.026 0.003 12.822 0.039 0.069
J010104-285801 2.2835072 0.119 0.008 13.527 0.03 0.048
J010104-285801 2.8770743 0.087 0.007 13.436 0.041 0.07
J010104-285801 2.6710627 0.084 0.008 13.35 0.027 0.056
J010104-285801 2.6417864 0.141 0.013 13.609 0.029 0.049
J010311+131618 2.3093226 0.06 0.003 13.197 0.044 0.056
J010311+131618 2.048014 0.02 0.003 12.69 0.043 0.088
J010311+131618 1.9682111 0.024 0.001 12.816 0.077 0.099
J010311+131618 2.298647 0.28 0.003 14.026 0.055 0.057
J010311+131618 1.9394951 0.408 0.004 14.257 0.054 0.059
J010311+131618 2.4063857 0.022 0.001 12.745 0.074 0.095
J010311+131618 1.9472553 0.159 0.003 13.669 0.051 0.056
J010311+131618 2.5519844 0.064 0.002 13.238 0.051 0.059
J010311+131618 2.5430677 0.057 0.001 13.231 0.083 0.089
J010311+131618 2.2789454 0.321 0.003 14.055 0.047 0.05
J010311+131618 2.1072251 0.063 0.002 13.241 0.068 0.078
J010311+131618 2.0987375 0.019 0.002 12.7 0.075 0.105
J010516-184642 2.4520574 0.052 0.005 13.16 0.039 0.076
J010516-184642 2.9267437 0.199 0.007 13.762 0.026 0.035
J010516-184642 2.5915379 0.077 0.003 13.446 0.06 0.08
J010516-184642 2.9718111 0.561 0.007 14.465 0.03 0.036
J010516-184642 2.3695624 0.251 0.016 13.948 0.032 0.052
J010516-184642 2.5400477 0.075 0.007 13.355 0.042 0.069
J010516-184642 2.1865232 0.242 0.006 13.929 0.036 0.041
J010516-184642 2.9387 0.066 0.006 13.23 0.035 0.052
J010516-184642 2.8435041 0.333 0.007 14.081 0.03 0.036
J010604-254651 2.6785707 0.032 0.002 12.959 0.053 0.077
J010604-254651 2.5577807 0.105 0.004 13.486 0.036 0.048
J010741-263328 1.7917689 0.431 0.007 14.365 0.0 1.0
J010806+163550 2.0326157 0.685 0.006 14.647 0.0 1.0
J010806+163550 2.3569781 0.079 0.01 13.322 0.023 0.04
J010806+163550 2.0599971 0.25 0.003 14.139 0.032 0.041
J010806+163550 2.12628 0.012 0.002 12.47 0.034 0.083
J010806+163550 1.9877805 0.064 0.004 13.24 0.028 0.037
J010806+163550 2.5363836 0.054 0.003 13.192 0.033 0.048
J010826-003724 1.3195452 0.117 0.006 13.536 0.037 0.047
J010925-210257 2.858823 0.896 0.017 14.538 0.019 0.026
J010925-210257 2.5493053 0.057 0.007 13.198 0.031 0.063
J010925-210257 2.7855167 0.394 0.009 14.258 0.0 1.0
J010925-210257 2.3596271 0.375 0.006 14.268 0.0 1.0
J010925-210257 2.8786746 0.079 0.006 13.383 0.049 0.074
J010925-210257 2.4180188 0.201 0.011 13.849 0.038 0.051
J010925-210257 2.7949472 0.218 0.009 13.874 0.033 0.049
J010925-210257 2.6687294 2.339 0.025 15.129 0.008 0.014
J011150+140141 2.2404286 0.193 0.011 13.876 0.03 0.071
J011150+140141 2.0995262 0.155 0.008 13.738 0.032 0.068
J011150+140141 2.1364962 0.504 0.012 14.369 0.0 1.0
J011150+140141 2.081745 0.053 0.007 13.197 0.039 0.102
J011150+140141 2.432191 0.196 0.014 13.806 0.029 0.055
J011150+140141 1.7528312 1.269 0.009 14.886 0.0 1.0
J011504-302514 2.6166631 0.239 0.011 13.866 0.028 0.037
J011504-302514 2.4186132 0.048 0.004 13.125 0.044 0.07
J011504-302514 2.7017826 1.365 0.012 14.86 0.0 1.0
J011504-302514 2.800809 0.296 0.008 14.018 0.03 0.04
J011504-302514 2.5984734 0.115 0.006 13.516 0.035 0.047
J011504-302514 2.8492921 0.389 0.006 14.212 0.029 0.04
J011504-302514 2.5657363 0.24 0.006 13.892 0.03 0.038
J011504-302514 2.1403151 0.194 0.007 13.752 0.028 0.035
J011852+032049 3.7865729 0.134 0.014 13.577 0.025 0.05
J011852+032049 4.1289899 0.59 0.027 14.289 0.018 0.029
J011852+032049 3.8051645 0.128 0.011 13.539 0.023 0.053
J011852+032049 3.7603406 0.504 0.025 14.23 0.021 0.031
J012126+034706 3.4260397 0.069 0.004 13.337 0.055 0.074
J012126+034706 3.601896 0.051 0.007 13.115 0.038 0.068
J012126+034706 3.5692367 0.206 0.019 13.75 0.021 0.036
J012126+034706 3.5278736 0.045 0.003 13.109 0.054 0.078
J012126+034706 3.5915965 0.033 0.004 12.913 0.037 0.077
J012126+034706 3.3611655 0.306 0.011 14.002 0.027 0.036
J012126+034706 3.8055202 0.082 0.007 13.353 0.035 0.057
J012403+004432 2.8336171 0.238 0.007 13.831 0.025 0.028
J012403+004432 3.1879768 0.035 0.004 12.956 0.035 0.068
J012403+004432 2.9420836 0.035 0.004 12.94 0.039 0.058
J012403+004432 2.9830983 0.508 0.007 14.443 0.03 0.045
J012403+004432 2.9094852 0.282 0.005 13.972 0.032 0.036
J012403+004432 3.3923272 0.269 0.007 13.974 0.033 0.04
J012403+004432 2.8663035 0.022 0.002 12.74 0.046 0.066
J012517-001828 2.115141 0.025 0.003 12.814 0.049 0.082
J012517-001828 2.1864942 0.29 0.007 14.015 0.034 0.041
J012517-001828 2.0075348 0.203 0.007 13.796 0.03 0.038
J012517-001828 1.992006 1.197 0.006 14.841 0.0 1.0
J012517-001828 1.7051872 0.128 0.004 13.691 0.053 0.065
J012517-001828 2.1685139 0.044 0.004 13.074 0.032 0.057
J012517-001828 1.7613196 0.553 0.013 14.294 0.024 0.03
J012642+255901 2.3009735 0.166 0.006 13.795 0.041 0.054
J013233+011607 1.6979001 0.463 0.009 14.359 0.018 0.034
J013301-400628 2.7239599 0.028 0.003 12.88 0.047 0.075
J013301-400628 2.9748815 0.362 0.011 14.007 0.018 0.022
J013301-400628 2.8961458 0.013 0.002 12.543 0.06 0.093
J013301-400628 2.7659881 0.049 0.003 13.141 0.053 0.071
J013301-400628 2.8570417 0.31 0.006 14.152 0.036 0.046
J013301-400628 2.6884144 0.207 0.006 13.878 0.042 0.047
J013301-400628 2.6794077 0.052 0.003 13.15 0.046 0.059
J013301-400628 2.2316978 0.316 0.004 14.053 0.033 0.036
J013301-400628 2.5622207 0.815 0.009 14.573 0.025 0.029
J013301-400628 2.4559133 0.025 0.002 12.799 0.051 0.074
J013724-422417 2.9699911 0.307 0.006 14.236 0.0 1.0
J013724-422417 3.1012586 0.212 0.016 13.797 0.023 0.039
J013724-422417 3.1555381 0.143 0.009 13.598 0.031 0.05
J013724-422417 3.0306185 0.066 0.005 13.278 0.041 0.065
J013724-422417 3.8168262 0.087 0.008 13.388 0.034 0.059
J013724-422417 3.5579068 0.051 0.007 13.12 0.034 0.077
J013724-422417 3.7090457 0.112 0.009 13.512 0.029 0.055
J013754-270736 2.8469264 0.108 0.005 13.593 0.049 0.067
J013754-270736 3.0811388 0.878 0.023 14.559 0.0 1.0
J013825-000534 1.186485 0.674 0.022 14.506 0.0 1.0
J013901-082444 2.5261211 0.364 0.012 14.168 0.022 0.04
J013901-082444 2.2325457 0.733 0.023 14.499 0.0 1.0
J013901-082444 2.3640516 0.611 0.01 14.485 0.0 1.0
J013901-082444 2.6293867 0.361 0.011 14.213 0.029 0.051
J013901-082444 2.6769035 0.353 0.014 14.174 0.0 1.0
J013901-082444 2.3261368 0.233 0.009 14.009 0.029 0.056
J014049-083942 3.4137178 0.078 0.004 13.328 0.037 0.048
J014049-083942 3.3351898 0.042 0.004 13.059 0.037 0.059
J014049-083942 3.188185 0.013 0.002 12.557 0.062 0.102
J014049-083942 2.9016519 0.339 0.014 14.002 0.022 0.029
J014049-083942 3.0329191 0.102 0.006 13.448 0.026 0.041
J014049-083942 2.8644642 0.064 0.004 13.258 0.042 0.058
J014049-083942 3.0820429 0.731 0.009 14.513 0.024 0.03
J014049-083942 3.0992523 0.461 0.013 14.167 0.021 0.027
J014049-083942 3.2768797 0.113 0.011 13.479 0.025 0.041
J014049-083942 2.9212653 0.046 0.003 13.13 0.056 0.076
J014049-083942 3.1110896 0.028 0.003 12.855 0.041 0.074
J014214+002324 3.1514624 0.029 0.002 12.906 0.053 0.079
J014214+002324 2.6754226 0.177 0.01 13.716 0.031 0.039
J014214+002324 2.955957 0.101 0.007 13.429 0.025 0.039
J014214+002324 3.3086445 0.197 0.008 13.748 0.025 0.033
J014214+002324 2.8578585 0.031 0.005 12.873 0.03 0.067
J014214+002324 3.026523 0.172 0.013 13.658 0.02 0.031
J014214+002324 3.211247 0.015 0.002 12.572 0.053 0.1
J014717+125808 1.4140175 0.169 0.009 13.797 0.037 0.069
J014944+150106 2.0016482 0.298 0.011 14.109 0.0 1.0
J014944+150106 1.4571562 0.178 0.006 13.763 0.039 0.047
J014944+150106 1.9087021 0.052 0.008 13.118 0.033 0.074
J014944+150106 1.9393547 0.222 0.005 14.087 0.038 0.053
J014944+150106 1.964689 0.109 0.006 13.655 0.061 0.079
J014944+150106 1.8154428 0.266 0.012 13.918 0.026 0.038
J015227-200107 1.7662291 0.148 0.014 13.661 0.029 0.063
J015227-200107 1.9286723 0.137 0.006 13.732 0.044 0.086
J015227-200107 1.4807106 0.104 0.007 13.449 0.027 0.05
J015234+335033 2.1411892 0.231 0.01 13.876 0.027 0.037
J015234+335033 1.9556096 0.576 0.01 14.438 0.0 1.0
J015234+335033 2.3368119 0.074 0.004 13.309 0.035 0.049
J015234+335033 2.204075 0.381 0.011 14.15 0.026 0.032
J015234+335033 2.2738982 0.068 0.007 13.263 0.029 0.05
J015234+335033 1.8450688 0.077 0.008 13.327 0.031 0.056
J015234+335033 2.064215 0.161 0.006 13.697 0.031 0.042
J015234+335033 2.3454229 0.013 0.002 12.484 0.038 0.092
J015734+744243 1.6528937 0.178 0.008 13.692 0.025 0.035
J015734+744243 2.0184002 0.144 0.002 13.92 0.0 1.0
J015734+744243 2.0539472 0.064 0.006 13.223 0.03 0.054
J015734+744243 1.962901 0.058 0.003 13.307 0.074 0.092
J020457-170119 1.1513167 0.268 0.005 14.128 0.04 0.054
J020457-170119 1.533241 0.034 0.002 13.008 0.074 0.093
J020457-170119 1.685588 0.176 0.006 13.716 0.031 0.038
J020944+051713 3.2005855 0.302 0.009 14.036 0.033 0.041
J020944+051713 3.2740895 0.124 0.009 13.54 0.028 0.048
J020950-000506 2.5230382 0.599 0.004 14.528 0.024 0.03
J020950-000506 2.7525967 0.012 0.002 12.452 0.031 0.064
J020950-000506 2.5914767 0.177 0.003 13.758 0.031 0.034
J020950-000506 2.6413543 0.11 0.004 13.648 0.053 0.059
J020950-000506 2.4110746 0.023 0.003 12.752 0.032 0.05
J020950-000506 2.248834 0.006 0.001 12.162 0.044 0.09
J020950-000506 2.3745022 0.018 0.002 12.662 0.045 0.065
J020950-000506 2.1539192 0.032 0.002 12.939 0.05 0.058
J020950-000506 2.6610695 0.134 0.006 13.546 0.019 0.025
J020950-000506 2.4185478 0.019 0.002 12.709 0.053 0.07
J020950-000506 2.5461975 0.119 0.004 13.513 0.024 0.029
J020950-000506 2.3282771 0.032 0.003 12.916 0.035 0.049
J020950-000506 2.2735299 0.013 0.002 12.473 0.039 0.08
J020950-000506 2.5744872 0.237 0.003 13.992 0.035 0.039
J021043-001818 3.6966227 0.341 0.013 14.09 0.029 0.038
J021129+124110 2.1939422 0.36 0.013 14.165 0.017 0.034
J021129+124110 2.3273569 0.476 0.017 14.31 0.0 1.0
J021129+124110 2.2742429 0.37 0.027 14.149 0.012 0.042
J021129+124110 2.3992232 0.633 0.021 14.43 0.0 1.0
J021129+124110 2.2328529 0.267 0.014 14.021 0.018 0.052
J021129+124110 2.8922133 0.164 0.014 13.751 0.023 0.053
J021657+081727 2.6676446 0.109 0.008 13.473 0.023 0.037
J021657+081727 2.2891011 0.825 0.023 14.529 0.0 1.0
J021657+081727 2.7205339 0.177 0.004 14.06 0.0 1.0
J021657+081727 2.2928467 1.49 0.023 14.914 0.0 1.0
J021657+081727 2.4340001 0.079 0.008 13.315 0.027 0.045
J021657+081727 2.3365013 0.113 0.01 13.512 0.028 0.049
J021657+081727 2.2193985 0.228 0.014 13.825 0.021 0.038
J021657+081727 2.8977603 0.025 0.002 12.853 0.066 0.089
J021741-370059 2.5833772 0.345 0.007 14.127 0.033 0.038
J021741-370059 2.3385257 0.073 0.004 13.293 0.034 0.05
J021741-370059 2.4287191 0.258 0.006 13.949 0.034 0.04
J021741-370059 2.3815792 0.504 0.006 14.411 0.03 0.039
J021741-370059 2.7555465 0.046 0.004 13.066 0.034 0.057
J021741-370059 2.5140218 0.184 0.006 13.733 0.029 0.036
J021741-370059 2.2377745 0.028 0.002 12.911 0.074 0.095
J021741-370059 2.8353825 0.065 0.003 13.282 0.049 0.06
J021741-370059 2.7964322 0.206 0.008 13.776 0.025 0.033
J021857+081727 2.667569 0.108 0.01 13.452 0.025 0.04
J021857+081727 2.4338665 0.067 0.006 13.253 0.033 0.051
J021857+081727 2.3365077 0.139 0.008 13.59 0.028 0.039
J021857+081727 2.8977642 0.024 0.002 12.86 0.077 0.101
J021857+081727 2.6068126 0.054 0.007 13.125 0.026 0.05
J021857+081727 2.689123 0.027 0.005 12.801 0.04 0.079
J021857+081727 2.2196434 0.179 0.007 13.704 0.026 0.034
J022554+005451 2.370822 0.357 0.013 14.215 0.0 1.0
J022554+005451 2.4074758 0.264 0.02 14.0 0.01 0.031
J022554+005451 2.7383795 0.415 0.013 14.227 0.0 1.0
J022853-033737 1.5301495 0.04 0.003 13.038 0.045 0.078
J022853-033737 1.7776663 0.182 0.008 13.75 0.031 0.042
J022853-033737 1.922737 0.08 0.006 13.37 0.041 0.061
J022853-033737 1.9035057 0.042 0.004 13.062 0.045 0.081
J022853-033737 1.6102129 0.193 0.008 13.905 0.046 0.062
J022928-364357 2.0560427 0.071 0.005 13.349 0.048 0.075
J022928-364357 1.5195992 0.363 0.01 14.194 0.026 0.047
J022928-364357 1.461441 0.299 0.008 14.177 0.0 1.0
J022928-364357 1.6379767 0.178 0.015 13.749 0.03 0.054
J022928-364357 2.0764937 0.18 0.01 13.815 0.04 0.058
J023359+004938 1.8386947 0.141 0.007 13.747 0.045 0.08
J023359+004938 2.3978154 0.141 0.01 13.724 0.031 0.093
J023359+004938 2.0181905 0.292 0.013 14.11 0.0 1.0
J023359+004938 2.228607 0.241 0.01 14.05 0.0 1.0
J023359+004938 2.0093139 0.098 0.008 13.576 0.0 1.0
J023924-090138 2.3933468 0.474 0.024 14.287 0.012 0.039
J023924-090138 2.0040064 0.078 0.007 13.408 0.041 0.104
J024221+004912 1.9320548 0.287 0.008 14.021 0.036 0.043
J024221+004912 1.8180757 0.092 0.002 13.512 0.056 0.064
J024221+004912 1.9459312 0.486 0.02 14.177 0.02 0.025
J024221+004912 1.4788548 0.076 0.002 13.459 0.068 0.079
J024221+004912 1.8016084 0.197 0.005 13.909 0.045 0.051
J024312-055055 1.2728886 0.424 0.02 14.276 0.0 1.0
J024312-055055 1.6311045 0.573 0.011 14.518 0.0 1.0
J024312-055055 1.536667 0.274 0.006 14.161 0.0 1.0
J024312-055055 1.6070716 0.228 0.006 14.122 0.0 1.0
J024658-123630 1.5844842 0.092 0.007 13.46 0.049 0.063
J024658-123630 1.8464779 0.341 0.009 14.135 0.032 0.041
J024658-123630 1.86303 0.379 0.009 14.164 0.029 0.038
J024756-055559 3.5799452 0.655 0.015 14.459 0.023 0.034
J024756-055559 3.6402317 0.068 0.005 13.314 0.053 0.075
J024756-055559 3.2184097 0.279 0.016 13.887 0.018 0.028
J024854+180250 4.130158 0.09 0.013 13.393 0.022 0.054
J024854+180250 3.6428872 0.198 0.011 13.797 0.023 0.037
J024854+180250 3.3185765 0.113 0.005 13.53 0.035 0.042
J024854+180250 3.7039084 0.074 0.008 13.283 0.021 0.045
J024854+180250 3.5062428 0.054 0.004 13.158 0.033 0.05
J024854+180250 3.3301918 0.029 0.003 12.873 0.027 0.048
J025127+341442 2.1674859 0.147 0.006 13.739 0.042 0.065
J025127+341442 2.0607131 0.105 0.009 13.628 0.052 0.107
J025127+341442 2.0431131 0.276 0.013 14.077 0.022 0.043
J025127+341442 1.9814296 0.062 0.007 13.267 0.056 0.105
J025140-220026 2.9304619 0.039 0.004 13.01 0.035 0.062
J025140-220026 2.8331854 0.154 0.008 13.636 0.026 0.036
J025140-220026 2.8531178 0.04 0.003 13.034 0.045 0.068
J025140-220026 2.7048103 0.029 0.003 12.883 0.038 0.069
J025140-220026 2.8932019 0.086 0.005 13.379 0.034 0.048
J025140-220026 2.5498013 0.075 0.006 13.299 0.028 0.044
J025140-220026 2.4820666 0.096 0.004 13.491 0.051 0.06
J025140-220026 2.7759818 0.203 0.014 13.807 0.033 0.044
J025140-220026 2.8620645 0.073 0.004 13.317 0.039 0.054
J025515+014828 1.7539696 0.252 0.01 13.941 0.031 0.048
J025515+014828 1.9669448 0.071 0.008 13.361 0.037 0.094
J025515+014828 2.3405111 0.127 0.013 13.693 0.0 1.0
J025515+014828 1.8663913 0.189 0.011 13.873 0.0 1.0
J025515+014828 1.8198124 0.07 0.01 13.327 0.038 0.09
J025518+004847 3.7728147 0.144 0.011 13.644 0.03 0.048
J025518+004847 3.8132484 0.124 0.01 13.562 0.032 0.048
J025518+004847 3.254062 0.734 0.019 14.435 0.018 0.025
J025518+004847 2.9715635 0.075 0.003 13.349 0.042 0.053
J025644+001246 1.6076989 0.939 0.021 14.58 0.0 1.0
J025644+001246 1.941928 0.204 0.01 13.908 0.023 0.064
J030046+022245 1.9182275 1.634 0.031 14.879 0.0 1.0
J030049-072137 1.7164274 0.259 0.008 14.152 0.0 1.0
J030049-072137 1.5356602 1.549 0.013 14.959 0.008 0.016
J030341-002321 2.4431817 0.165 0.009 13.672 0.019 0.027
J030341-002321 3.1063454 0.097 0.005 13.49 0.033 0.047
J030341-002321 2.9563765 0.142 0.01 13.66 0.025 0.038
J030341-002321 3.0185622 0.087 0.012 13.364 0.021 0.043
J030341-002321 2.9406517 0.384 0.011 14.177 0.02 0.029
J030341-002321 2.9948138 0.104 0.007 13.492 0.024 0.04
J030341-002321 2.4289416 0.237 0.008 13.932 0.026 0.032
J030341-002321 2.7243248 1.415 0.013 14.946 0.0 1.0
J030449-000813 2.7867804 0.281 0.01 13.917 0.022 0.026
J030449-000813 2.9588541 0.032 0.003 12.909 0.032 0.053
J030449-000813 3.2198996 0.064 0.005 13.229 0.035 0.055
J030449-000813 2.3823119 0.052 0.001 13.193 0.06 0.065
J030449-000813 2.8261439 0.024 0.003 12.787 0.037 0.062
J030449-000813 3.0030921 0.115 0.007 13.49 0.023 0.035
J030449-000813 2.9174772 0.069 0.003 13.279 0.036 0.046
J030449-000813 2.5900938 0.168 0.005 13.802 0.041 0.051
J030449-000813 2.5355171 0.1 0.005 13.462 0.038 0.047
J030640-301031 2.0145016 1.039 0.012 14.811 0.0 1.0
J030643-301107 1.4827499 0.278 0.018 14.018 0.0 1.0
J031003-004645 2.0542032 0.225 0.006 14.112 0.0 1.0
J031003-004645 1.698152 0.471 0.01 14.375 0.015 0.03
J031003-004645 2.0804592 0.212 0.012 13.883 0.037 0.063
J031003-004645 1.7789163 0.083 0.006 13.421 0.041 0.078
J031856-060037 1.5912068 1.155 0.017 14.743 0.0 1.0
J033108-252443 2.5867851 0.013 0.002 12.502 0.049 0.074
J033108-252443 2.3284445 0.109 0.003 13.492 0.037 0.042
J033108-252443 2.2040356 0.08 0.003 13.326 0.028 0.035
J033108-252443 2.454749 0.292 0.005 14.002 0.032 0.035
J033108-252443 2.4254857 0.071 0.002 13.279 0.038 0.045
J033108-252443 2.5687243 0.012 0.001 12.505 0.044 0.072
J033108-252443 2.1587669 0.059 0.003 13.177 0.032 0.041
J033244-445557 2.1783244 0.054 0.003 13.249 0.066 0.087
J033244-445557 2.4641266 0.076 0.004 13.314 0.035 0.046
J033244-445557 2.4130325 0.04 0.003 13.023 0.036 0.055
J033244-445557 2.2773852 0.053 0.003 13.164 0.047 0.059
J033244-445557 2.3543416 0.25 0.005 13.914 0.033 0.037
J033244-445557 2.1654484 0.24 0.005 13.955 0.04 0.044
J033244-445557 2.4986074 0.157 0.006 13.739 0.049 0.055
J033413-161205 3.3554987 0.05 0.002 13.143 0.048 0.06
J033413-161205 3.3196914 0.085 0.005 13.353 0.032 0.044
J033413-161205 3.7598007 0.257 0.007 13.931 0.03 0.037
J033413-161205 4.1579109 0.117 0.004 13.593 0.046 0.06
J033413-161205 3.22833 0.311 0.004 14.045 0.032 0.035
J033413-161205 3.2623034 0.008 0.001 12.32 0.054 0.103
J033413-161205 3.8661894 0.035 0.004 12.953 0.035 0.067
J033413-161205 4.2516884 0.086 0.006 13.374 0.033 0.049
J033413-161205 3.5566685 0.11 0.008 13.487 0.029 0.043
J033626-201940 2.4046723 0.043 0.004 13.09 0.046 0.081
J033626-201940 3.0446397 0.591 0.017 14.346 0.021 0.034
J033626-201940 2.8930708 0.103 0.009 13.485 0.032 0.061
J033829+002156 4.1754439 0.247 0.018 13.836 0.019 0.031
J033829+002156 4.1409534 0.158 0.009 13.64 0.024 0.039
J033829+002156 4.4165228 0.311 0.01 14.039 0.029 0.04
J033854-000521 2.5051714 0.06 0.005 13.284 0.052 0.088
J033854-000521 2.3417072 0.149 0.008 13.691 0.036 0.058
J033854-000521 2.3211865 0.091 0.007 13.462 0.049 0.075
J033854-000521 2.227596 0.127 0.003 13.716 0.05 0.066
J033854-000521 2.3522135 0.279 0.013 14.023 0.029 0.051
J033900-013318 3.1153334 0.373 0.018 14.084 0.03 0.047
J033900-013318 2.4656931 0.138 0.005 13.754 0.066 0.103
J033900-013318 2.4167688 0.571 0.004 14.587 0.0 1.0
J033900-013318 2.9510153 0.093 0.007 13.495 0.055 0.11
J033900-013318 2.4349317 0.122 0.008 13.593 0.055 0.082
J034957-210247 2.1211655 0.108 0.009 13.509 0.033 0.061
J034957-210247 2.1346801 0.507 0.011 14.375 0.0 1.0
J035320-231417 1.8117517 0.88 0.019 14.57 0.0 1.0
J040114-395132 1.3322994 0.964 0.022 14.615 0.008 0.028
J040241-064124 2.2827162 0.858 0.023 14.592 0.0 1.0
J040241-064124 1.8044878 0.474 0.01 14.381 0.0 1.0
J042408+020425 1.8940177 0.04 0.002 13.049 0.053 0.068
J042408+020425 1.6368287 1.154 0.008 14.911 0.013 0.019
J042408+020425 1.4770732 0.091 0.002 13.484 0.062 0.072
J042408+020425 1.4550852 0.21 0.005 13.989 0.053 0.062
J042408+020425 1.597313 0.182 0.004 13.801 0.044 0.05
J042408+020425 1.9982881 0.13 0.007 13.531 0.022 0.031
J042408+020425 1.537428 0.137 0.003 13.717 0.056 0.065
J042644-520819 2.1386677 0.113 0.006 13.557 0.039 0.059
J042644-520819 2.0961384 0.264 0.012 13.973 0.031 0.045
J042644-520819 2.0476607 0.186 0.008 13.825 0.037 0.062
J042644-520819 1.8344331 0.09 0.007 13.455 0.039 0.07
J042644-520819 1.7026942 1.773 0.015 15.013 0.0 1.0
J043038-133546 2.3658621 1.232 0.012 14.77 0.015 0.022
J043038-133546 2.5496946 0.308 0.007 14.046 0.028 0.036
J043038-133546 3.0124562 0.086 0.007 13.478 0.05 0.072
J043403-435547 2.3535929 0.043 0.006 13.064 0.033 0.075
J043403-435547 2.3009425 0.231 0.007 13.96 0.038 0.05
J043403-435547 2.3679203 0.644 0.02 14.4 0.022 0.031
J043403-435547 2.2827003 0.345 0.006 14.296 0.0 1.0
J044534-354704 1.9356222 0.015 0.002 12.592 0.053 0.095
J044534-354704 1.8666122 0.252 0.002 14.328 0.0 1.0
J044534-354704 2.0944754 0.456 0.008 14.34 0.029 0.037
J044534-354704 2.193484 0.142 0.006 13.67 0.045 0.056
J044534-354704 1.8738876 0.031 0.003 12.916 0.04 0.06
J044821+095051 1.4662776 0.305 0.015 14.067 0.028 0.054
J045142-132032 2.4899605 0.032 0.002 12.918 0.052 0.072
J045142-132032 2.3131107 0.321 0.004 14.23 0.0 1.0
J045142-132032 2.9114145 0.024 0.002 12.777 0.044 0.066
J045142-132032 2.7745307 0.196 0.008 13.789 0.031 0.036
J045313-130555 2.1064565 1.04 0.002 14.982 0.0 1.0
J051410-332622 1.5009113 0.032 0.004 12.93 0.039 0.064
J051410-332622 1.2304653 0.247 0.012 13.903 0.02 0.034
J051939-364611 1.2117974 0.613 0.031 14.372 0.0 1.0
J060008-504036 2.9116996 0.036 0.002 13.001 0.048 0.061
J060008-504036 2.7663099 0.122 0.006 13.531 0.025 0.032
J060008-504036 2.7947697 0.112 0.005 13.488 0.027 0.034
J060008-504036 2.9900748 0.018 0.002 12.663 0.052 0.072
J060008-504036 2.4097042 0.292 0.012 13.931 0.017 0.022
J060008-504036 2.960937 0.129 0.006 13.557 0.022 0.03
J060008-504036 2.932255 0.034 0.003 12.945 0.032 0.05
J060008-504036 2.5761228 0.603 0.007 14.403 0.019 0.024
J064204+675835 2.621375 0.028 0.002 12.861 0.031 0.049
J064204+675835 3.1113047 0.009 0.001 12.358 0.047 0.073
J064204+675835 2.3249118 0.043 0.002 13.057 0.041 0.048
J064204+675835 3.0172359 0.181 0.005 13.788 0.036 0.041
J064204+675835 2.6820231 0.054 0.004 13.138 0.023 0.036
J064204+675835 2.904332 0.712 0.006 14.497 0.023 0.025
J064204+675835 2.8683335 0.051 0.003 13.112 0.028 0.041
J064204+675835 2.8918506 0.116 0.006 13.508 0.029 0.033
J064204+675835 2.4752493 0.444 0.007 14.283 0.033 0.039
J064204+675835 2.3111638 0.24 0.008 13.839 0.025 0.028
J064204+675835 2.5946994 0.016 0.001 12.622 0.04 0.058
J064204+675835 2.6904763 0.007 0.001 12.259 0.051 0.1
J064632+445116 3.2358478 0.048 0.006 13.12 0.037 0.071
J064632+445116 3.1402095 0.144 0.009 13.646 0.027 0.045
J064632+445116 2.9514583 0.172 0.012 13.706 0.022 0.037
J064632+445116 3.12303 0.317 0.007 14.038 0.024 0.031
J064632+445116 3.2481482 0.332 0.011 14.021 0.021 0.028
J064632+445116 2.9716452 0.193 0.012 13.739 0.022 0.031
J073149+285448 2.6869861 0.105 0.004 13.474 0.034 0.043
J073149+285448 3.1369787 0.208 0.007 13.826 0.033 0.043
J073149+285448 2.9889631 0.097 0.008 13.421 0.029 0.047
J073149+285448 2.798771 0.143 0.006 13.646 0.038 0.047
J073149+285448 2.7876319 0.28 0.006 14.037 0.037 0.044
J073149+285448 3.5496182 0.986 0.018 14.577 0.018 0.023
J073149+285448 3.6078063 0.095 0.004 13.423 0.033 0.046
J073149+285448 3.4148842 0.182 0.016 13.688 0.023 0.037
J073149+285448 2.9452931 0.173 0.007 13.779 0.04 0.051
J073149+285448 3.2098388 0.37 0.007 14.201 0.035 0.043
J074749+443417 3.6210247 0.019 0.004 12.714 0.049 0.117
J074749+443417 3.7084208 0.137 0.011 13.617 0.025 0.048
J074749+443417 3.3099699 0.035 0.006 12.981 0.03 0.068
J074749+443417 3.6604756 0.252 0.018 13.968 0.022 0.046
J074927+415242 2.5298565 0.021 0.003 12.707 0.033 0.067
J074927+415242 2.6450217 0.125 0.006 13.6 0.029 0.038
J074927+415242 2.5843742 0.086 0.007 13.393 0.024 0.037
J074927+415242 2.7545097 0.129 0.006 13.63 0.031 0.04
J074927+415242 2.6142236 0.073 0.004 13.333 0.034 0.046
J074927+415242 3.0177524 0.334 0.015 14.021 0.018 0.023
J074927+415242 2.4504419 0.152 0.005 13.859 0.038 0.049
J074927+415242 2.7649743 0.153 0.009 13.676 0.025 0.034
J074927+415242 2.985293 0.01 0.002 12.369 0.035 0.085
J074927+415242 2.9184056 0.039 0.004 12.998 0.022 0.045
J075054+425219 1.7742377 0.019 0.001 12.694 0.063 0.083
J075054+425219 1.4376084 0.02 0.002 12.704 0.052 0.081
J075054+425219 1.8531127 0.013 0.001 12.532 0.064 0.087
J075054+425219 1.861513 0.023 0.001 12.764 0.048 0.064
J075054+425219 1.5952746 0.207 0.003 13.912 0.05 0.054
J075054+425219 1.8070327 0.143 0.003 13.63 0.037 0.042
J075054+425219 1.4647132 0.032 0.003 12.914 0.048 0.068
J075054+425219 1.7298928 0.121 0.007 13.552 0.041 0.049
J075054+425219 1.6128785 0.024 0.001 12.785 0.059 0.078
J075054+425219 1.5399653 0.038 0.001 13.111 0.1 0.111
J075054+425219 1.632995 0.034 0.002 12.954 0.047 0.061
J080117+521034 2.8693664 0.942 0.012 14.592 0.019 0.024
J080117+521034 3.0392565 0.273 0.006 13.984 0.031 0.034
J080117+521034 2.9210142 0.015 0.001 12.589 0.057 0.082
J080117+521034 2.7259947 0.067 0.003 13.253 0.03 0.039
J080117+521034 2.8921741 0.092 0.004 13.394 0.028 0.036
J080117+521034 2.6020747 0.823 0.006 14.653 0.023 0.026
J080518+614423 2.8235257 0.048 0.006 13.164 0.047 0.088
J080518+614423 2.7467038 0.218 0.008 13.998 0.0 1.0
J080518+614423 2.6538816 0.1 0.008 13.492 0.04 0.063
J080518+614423 2.7332069 0.867 0.02 14.621 0.0 1.0
J081435+502946 3.1537534 0.043 0.004 13.051 0.036 0.058
J081435+502946 3.2817104 0.739 0.009 14.511 0.02 0.024
J081435+502946 3.3660273 0.008 0.001 12.268 0.058 0.106
J081435+502946 2.9573007 0.117 0.006 13.515 0.028 0.035
J081435+502946 3.7293195 0.02 0.002 12.724 0.041 0.068
J081435+502946 3.336443 0.29 0.019 13.971 0.024 0.033
J081435+502946 3.5275896 0.016 0.002 12.572 0.066 0.093
J081435+502946 3.6048827 0.025 0.003 12.815 0.038 0.062
J081435+502946 3.203714 0.021 0.003 12.719 0.031 0.063
J081435+502946 3.5477653 0.165 0.007 13.699 0.027 0.035
J082003+155932 1.4593982 1.041 0.015 14.685 0.0 1.0
J082003+155932 1.546995 2.225 0.01 15.082 0.0 1.0
J082003+155932 1.8146419 0.298 0.013 14.033 0.028 0.045
J082003+155932 1.7924955 0.104 0.003 13.713 0.058 0.118
J082107+310751 2.5515717 0.082 0.004 13.357 0.03 0.037
J082107+310751 1.8805528 0.256 0.005 13.958 0.031 0.034
J082107+310751 1.9442737 0.446 0.009 14.174 0.021 0.024
J082107+310751 1.9175158 0.117 0.002 13.685 0.053 0.058
J082107+310751 2.5866233 0.025 0.003 12.822 0.036 0.052
J082107+310751 2.2513497 0.049 0.003 13.114 0.03 0.042
J082107+310751 1.9802953 0.032 0.003 12.924 0.039 0.056
J082107+310751 2.5349287 0.438 0.006 14.224 0.022 0.025
J082107+310751 2.4446029 0.205 0.003 13.952 0.037 0.047
J082540+354414 3.5301245 0.122 0.005 13.587 0.027 0.038
J082540+354414 2.96877 0.108 0.009 13.461 0.019 0.031
J082540+354414 3.6097655 0.173 0.006 13.799 0.03 0.039
J082540+354414 3.1768893 0.777 0.015 14.456 0.014 0.018
J082540+354414 3.2819622 0.193 0.007 13.83 0.028 0.036
J082540+354414 2.8656009 0.034 0.002 12.988 0.04 0.056
J082540+354414 2.9579676 0.019 0.002 12.719 0.044 0.07
J082540+354414 3.2065942 1.03 0.012 14.773 0.0 1.0
J082540+354414 2.9163054 0.717 0.005 14.764 0.0 1.0
J082540+354414 2.8798003 0.375 0.012 14.12 0.022 0.027
J082619+314848 2.91824 0.058 0.005 13.231 0.038 0.051
J082619+314848 2.5068359 0.273 0.012 13.943 0.02 0.027
J082619+314848 2.3577256 0.037 0.003 13.006 0.035 0.053
J082619+314848 2.3837592 0.082 0.006 13.351 0.024 0.038
J082619+314848 2.6740221 0.018 0.002 12.679 0.039 0.071
J082619+314848 2.603883 0.044 0.006 13.099 0.042 0.06
J082619+314848 2.2451322 0.151 0.007 13.631 0.021 0.026
J082619+314848 2.8687239 0.051 0.003 13.177 0.039 0.054
J082619+314848 2.7914409 0.021 0.004 12.695 0.033 0.067
J082619+314848 2.2587252 0.017 0.002 12.649 0.039 0.065
J082849+085854 2.1382003 0.856 0.011 14.651 0.011 0.025
J082849+085854 2.0432143 1.042 0.022 14.71 0.0 1.0
J082849+085854 1.6625969 0.277 0.012 14.064 0.027 0.05
J082849+085854 1.7136677 0.224 0.007 14.03 0.0 1.0
J083102+335803 1.8512053 0.063 0.005 13.274 0.051 0.079
J083102+335803 2.2208374 0.1 0.003 13.615 0.058 0.079
J083102+335803 2.1124244 0.052 0.004 13.153 0.04 0.065
J083102+335803 2.3009602 0.562 0.021 14.331 0.021 0.037
J083102+335803 2.0955511 0.039 0.007 12.972 0.034 0.069
J083102+335803 2.2147716 0.218 0.008 13.956 0.035 0.051
J083141+524518 3.5138482 0.054 0.002 13.146 0.027 0.031
J083141+524518 3.5581933 0.043 0.001 13.065 0.037 0.042
J083141+524518 3.1339691 0.143 0.004 13.598 0.025 0.028
J083141+524518 3.856723 0.187 0.002 13.804 0.033 0.035
J083141+524518 3.239118 0.07 0.003 13.266 0.027 0.033
J083141+524518 3.6548484 0.072 0.001 13.303 0.032 0.036
J083141+524518 3.1085555 0.313 0.003 13.991 0.024 0.025
J083141+524518 3.0367832 0.093 0.003 13.388 0.024 0.028
J083141+524518 3.3812309 0.751 0.011 14.347 0.013 0.014
J083141+524518 3.1705047 0.243 0.006 13.841 0.021 0.024
J083141+524518 3.5329704 0.027 0.002 12.823 0.025 0.035
J083141+524518 2.9740528 0.172 0.003 13.71 0.03 0.032
J083141+524518 3.2036784 0.252 0.005 13.855 0.02 0.023
J084106+031206 1.4936197 0.025 0.001 12.862 0.062 0.077
J084106+031206 1.6505238 0.957 0.006 14.726 0.015 0.019
J084106+031206 1.6344192 0.203 0.004 13.874 0.032 0.037
J084106+031206 1.5739075 0.022 0.002 12.731 0.038 0.057
J084106+031206 1.6184246 0.417 0.004 14.553 0.0 1.0
J092129-261843 2.1028055 0.432 0.005 14.426 0.0 1.0
J092129-261843 2.1419833 0.178 0.002 13.878 0.049 0.056
J092129-261843 2.0031288 0.146 0.008 13.615 0.03 0.039
J092129-261843 1.667974 1.242 0.005 14.976 0.0 1.0
J092129-261843 1.8456003 1.467 0.007 15.062 0.0 1.0
J092129-261843 2.2621276 0.029 0.004 12.843 0.028 0.056
J092129-261843 1.6461509 0.051 0.002 13.167 0.057 0.068
J092221+084312 1.9208693 0.189 0.007 13.903 0.0 1.0
J092221+084312 1.8231867 0.138 0.007 13.71 0.045 0.088
J092708+582319 1.6192945 0.029 0.003 12.914 0.034 0.064
J092708+582319 1.6056752 0.378 0.014 14.179 0.021 0.032
J092708+582319 1.5199225 0.215 0.018 13.792 0.017 0.029
J092708+582319 1.3005736 0.146 0.009 13.66 0.025 0.037
J092708+582319 1.6352894 1.704 0.014 15.011 0.0 1.0
J092759+154321 1.440867 0.086 0.007 13.554 0.0 1.0
J092759+154321 1.7321589 1.884 0.035 14.959 0.0 1.0
J092759+154321 1.4632109 0.874 0.029 14.558 0.0 1.0
J092759+154321 1.2967959 1.556 0.023 14.798 0.0 1.0
J092759+154321 1.5011965 0.354 0.008 14.223 0.0 1.0
J092914+282529 3.1935983 0.048 0.004 13.096 0.022 0.035
J092914+282529 2.4902236 0.054 0.001 13.261 0.053 0.057
J092914+282529 2.7427231 0.01 0.002 12.386 0.039 0.081
J092914+282529 2.966722 0.032 0.003 12.919 0.024 0.04
J092914+282529 2.886824 0.055 0.007 13.149 0.02 0.034
J092914+282529 3.2631284 0.258 0.008 13.867 0.016 0.02
J092914+282529 2.6293534 0.113 0.005 13.529 0.026 0.034
J092914+282529 2.8480515 0.045 0.004 13.082 0.03 0.042
J092914+282529 3.1225659 0.173 0.007 13.68 0.017 0.023
J092914+282529 2.8606264 0.134 0.005 13.591 0.024 0.031
J092914+282529 3.0147962 0.036 0.004 12.972 0.024 0.041
J092914+282529 2.5854575 0.432 0.002 14.595 0.0 1.0
J093337+284532 3.2473501 0.364 0.014 14.052 0.018 0.026
J093337+284532 2.8665879 0.262 0.005 14.083 0.0 1.0
J093337+284532 3.3435322 0.019 0.003 12.707 0.045 0.079
J093337+284532 2.6284186 0.061 0.004 13.219 0.033 0.057
J093337+284532 2.5469003 0.161 0.005 13.668 0.029 0.035
J093337+284532 3.2348509 0.077 0.007 13.32 0.025 0.049
J093509-333237 2.2026208 0.492 0.013 14.265 0.024 0.035
J093643+292713 2.6993426 0.052 0.006 13.187 0.032 0.061
J093643+292713 2.4009972 0.325 0.015 14.173 0.0 1.0
J093643+292713 2.5425081 0.075 0.002 13.569 0.045 0.068
J093643+292713 2.5965139 0.036 0.004 13.0 0.037 0.069
J093748+730158 2.3323017 1.157 0.006 14.923 0.009 0.014
J093748+730158 2.214438 0.032 0.003 12.916 0.049 0.081
J093748+730158 2.1120818 0.831 0.017 14.628 0.0 1.0
J093748+730158 2.4495483 0.069 0.006 13.253 0.028 0.048
J093748+730158 1.857247 0.026 0.003 12.828 0.046 0.091
J094202+042244 2.7304871 1.049 0.012 14.842 0.0 1.0
J094202+042244 2.8141191 0.213 0.005 13.861 0.037 0.043
J094202+042244 2.373601 0.87 0.004 14.648 0.027 0.03
J094202+042244 2.470775 0.417 0.006 14.27 0.034 0.038
J094835+432302 1.837074 0.067 0.003 13.435 0.058 0.098
J094835+432302 1.7795728 0.334 0.017 14.146 0.0 1.0
J094835+432302 1.7708166 0.118 0.011 13.579 0.027 0.062
J095309+523029 1.7675021 1.964 0.013 15.091 0.0 1.0
J095309+523029 1.3285333 1.729 0.013 15.057 0.0 1.0
J095352+080103 1.3076691 0.33 0.013 14.13 0.0 1.0
J095352+080103 1.4569187 0.317 0.012 14.11 0.031 0.045
J095352+080103 1.6554238 0.137 0.007 13.783 0.047 0.067
J095456+174331 1.2580702 0.08 0.002 13.435 0.058 0.067
J095744+330820 3.5829089 0.307 0.012 13.976 0.021 0.03
J095744+330820 3.2687401 0.051 0.001 13.231 0.062 0.079
J095744+330820 3.278624 0.302 0.015 13.95 0.02 0.028
J095744+330820 3.1810372 0.131 0.007 13.565 0.025 0.037
J095744+330820 3.6009868 0.061 0.005 13.23 0.036 0.058
J095822+014524 1.7064009 0.564 0.014 14.469 0.0 1.0
J095822+014524 1.5575929 0.103 0.004 13.554 0.034 0.05
J095822+014524 1.9278369 1.31 0.01 14.926 0.0 1.0
J095822+014524 1.8264556 0.535 0.02 14.346 0.0 1.0
J095822+014524 1.5212407 0.319 0.011 14.142 0.023 0.035
J095822+014524 1.7675192 0.079 0.003 13.476 0.044 0.06
J095822+014524 1.8942526 0.113 0.005 13.6 0.034 0.047
J095822+014524 1.869881 0.277 0.011 14.101 0.026 0.041
J095822+014524 1.720275 0.113 0.005 13.582 0.032 0.046
J095822+014524 1.3582962 0.637 0.011 14.554 0.0 1.0
J100523+115712 1.3993316 0.662 0.008 14.484 0.0 1.0
J100841+362319 2.8703607 0.133 0.004 13.681 0.034 0.042
J100841+362319 2.9490708 0.374 0.012 14.097 0.018 0.024
J100841+362319 2.4042192 0.114 0.005 13.546 0.029 0.04
J101336+561536 2.7441021 0.222 0.011 13.894 0.023 0.037
J101336+561536 3.5709746 0.616 0.038 14.296 0.012 0.02
J101336+561536 3.0816476 0.557 0.025 14.476 0.005 0.009
J101336+561536 2.6851453 0.532 0.015 14.3 0.0 1.0
J101549+002020 4.3491582 0.09 0.007 13.447 0.036 0.065
J101549+002020 3.2786179 0.137 0.006 13.604 0.029 0.039
J101723-204658 2.2479822 0.226 0.004 13.939 0.03 0.034
J101723-204658 2.2760437 0.01 0.001 12.449 0.038 0.07
J101723-204658 2.0735372 0.392 0.007 14.119 0.019 0.022
J101723-204658 2.1676468 0.024 0.003 12.788 0.028 0.047
J101723-204658 2.3490032 1.006 0.014 14.726 0.013 0.017
J101723-204658 2.4504411 0.059 0.004 13.222 0.033 0.042
J101723-204658 2.1233629 0.088 0.002 13.483 0.043 0.048
J101723-204658 2.418989 0.04 0.006 13.008 0.016 0.035
J101939+524627 1.9814436 0.083 0.004 13.441 0.033 0.052
J101939+524627 1.8323676 1.217 0.012 14.845 0.0 1.0
J101939+524627 1.5386137 1.334 0.005 15.064 0.0 1.0
J101939+524627 2.017973 1.071 0.02 14.827 0.0 1.0
J101939+524627 1.5783554 0.08 0.003 13.456 0.041 0.054
J102009+104002 2.3523836 0.028 0.002 12.889 0.038 0.065
J102009+104002 3.0097627 0.132 0.003 13.69 0.049 0.059
J102009+104002 2.5405899 0.296 0.007 13.944 0.024 0.03
J102009+104002 2.5652724 0.3 0.005 14.053 0.034 0.042
J102009+104002 3.0916196 0.057 0.005 13.178 0.035 0.055
J102009+104002 3.1116077 0.833 0.013 14.556 0.023 0.029
J102009+104002 2.7136409 0.042 0.003 13.044 0.036 0.059
J102156+300140 2.4770382 0.182 0.007 13.772 0.029 0.041
J102156+300140 2.7861209 0.084 0.01 13.336 0.026 0.049
J102156+300140 2.330235 1.627 0.014 14.98 0.0 1.0
J102156+300140 2.7193859 0.237 0.008 13.913 0.029 0.038
J102156+300140 2.9491669 0.31 0.013 13.996 0.022 0.032
J102156+300140 3.0348029 0.105 0.008 13.459 0.024 0.041
J102156+300140 2.5466314 0.047 0.008 13.105 0.028 0.061
J102156+300140 2.9142832 0.116 0.009 13.52 0.027 0.045
J102325+514251 2.644236 0.462 0.012 14.339 0.0 1.0
J102325+514251 3.1035738 0.111 0.01 13.471 0.016 0.029
J102325+514251 2.7656709 0.046 0.006 13.097 0.023 0.045
J102325+514251 2.8773435 0.05 0.004 13.147 0.027 0.048
J102325+514251 3.209482 0.286 0.01 14.036 0.024 0.033
J102325+514251 2.9755245 0.168 0.004 13.755 0.028 0.035
J102325+514251 3.4021494 0.567 0.02 14.249 0.013 0.018
J102410+060013 1.7804297 0.168 0.007 13.775 0.038 0.06
J102410+060013 1.7199946 0.222 0.008 13.967 0.034 0.057
J102410+060013 1.8693106 0.304 0.013 14.084 0.022 0.041
J103514+544040 2.2095319 1.138 0.006 14.905 0.016 0.023
J103514+544040 2.457507 0.255 0.013 13.865 0.024 0.038
J103514+544040 2.8496772 0.016 0.001 12.637 0.067 0.112
J103514+544040 2.6847475 0.53 0.024 14.204 0.018 0.026
J103514+544040 2.5908173 0.047 0.003 13.132 0.063 0.084
J103514+544040 2.8953604 0.232 0.006 13.962 0.04 0.052
J103514+544040 2.3845223 0.057 0.004 13.215 0.054 0.078
J103514+544040 2.3333754 0.123 0.006 13.58 0.046 0.061
J103623-034320 3.5092937 0.107 0.009 13.493 0.029 0.047
J103909-231326 3.0859908 0.011 0.001 12.425 0.038 0.079
J103909-231326 2.6949299 0.133 0.004 13.638 0.044 0.05
J103909-231326 2.5333065 0.563 0.006 14.609 0.028 0.037
J103909-231326 2.8216295 0.526 0.008 14.38 0.031 0.037
J103909-231326 3.0301718 0.066 0.002 13.3 0.054 0.062
J103909-231326 2.5228 0.158 0.005 13.675 0.033 0.039
J103909-231326 2.7787131 0.302 0.008 14.092 0.038 0.043
J103909-231326 3.00607 0.021 0.003 12.723 0.041 0.069
J104018+572448 3.277462 0.067 0.007 13.273 0.039 0.07
J104018+572448 3.1833108 0.057 0.006 13.223 0.038 0.077
J104018+572448 3.1393074 0.053 0.007 13.17 0.037 0.084
J104018+572448 3.0122581 0.637 0.022 14.386 0.022 0.037
J104018+572448 3.2660627 0.059 0.006 13.213 0.043 0.076
J104018+572448 2.5052619 0.403 0.011 14.212 0.031 0.039
J104018+572448 2.7554118 0.259 0.007 14.011 0.034 0.056
J104032-272749 1.7551035 0.286 0.008 14.029 0.035 0.043
J104032-272749 1.8935788 0.127 0.007 13.566 0.033 0.045
J104032-272749 1.8505898 0.112 0.011 13.506 0.037 0.051
J104032-272749 1.7769343 0.731 0.03 14.375 0.018 0.023
J104032-272749 2.0138488 0.88 0.006 14.833 0.015 0.021
J104033-272308 1.514604 0.205 0.004 14.085 0.0 1.0
J104033-272308 1.7557825 0.103 0.008 13.472 0.032 0.05
J104040-272437 1.9507335 0.211 0.003 14.131 0.0 1.0
J104040-272437 2.3788048 0.155 0.006 13.777 0.047 0.061
J104040-272437 2.2341173 1.983 0.014 15.133 0.0 1.0
J104040-272437 2.3994954 0.044 0.004 13.025 0.044 0.075
J104040-272437 1.9634253 0.604 0.007 14.579 0.0 1.0
J104213+062853 1.5069665 0.776 0.017 14.598 0.0 1.0
J104213+062853 1.9960442 0.726 0.016 14.483 0.022 0.03
J104213+062853 1.4753673 1.204 0.01 14.872 0.008 0.015
J104213+062853 1.7436117 0.224 0.008 14.029 0.0 1.0
J104252+011736 1.853658 0.373 0.008 14.239 0.0 1.0
J104252+011736 1.7478361 1.022 0.005 14.92 0.0 1.0
J104252+011736 2.2673729 0.776 0.017 14.55 0.0 1.0
J104642+053107 2.3248292 0.095 0.007 13.424 0.038 0.05
J104642+053107 2.1591025 0.102 0.001 13.82 0.07 0.098
J104642+053107 2.1855589 0.101 0.003 13.558 0.057 0.067
J104642+053107 2.461898 0.025 0.002 12.825 0.053 0.082
J104642+053107 2.200262 0.178 0.003 13.976 0.039 0.049
J104642+053107 2.5746231 0.38 0.007 14.132 0.028 0.033
J104642+053107 2.4525871 0.048 0.003 13.137 0.048 0.066
J105123+354534 4.0323703 0.182 0.015 13.828 0.027 0.044
J105123+354534 4.3837198 0.058 0.007 13.222 0.03 0.065
J105123+354534 4.260335 0.154 0.019 13.66 0.02 0.038
J105123+354534 4.2031309 0.091 0.009 13.425 0.026 0.05
J105648+120826 1.6454062 0.619 0.011 14.518 0.0 1.0
J105648+120826 1.6728448 0.166 0.007 13.741 0.035 0.046
J105648+120826 1.493029 0.822 0.009 14.634 0.015 0.023
J105744+062914 2.4109523 0.189 0.01 13.82 0.036 0.051
J105744+062914 2.3977127 0.071 0.005 13.341 0.043 0.067
J105744+062914 2.3759723 0.09 0.004 13.612 0.068 0.093
J105744+062914 2.4986606 1.536 0.028 14.836 0.0 1.0
J105744+062914 2.9386844 0.117 0.012 13.515 0.022 0.047
J105744+062914 3.0141303 0.086 0.008 13.361 0.027 0.057
J105744+062914 2.2922957 0.131 0.009 13.56 0.03 0.044
J105756+455553 3.1672634 0.222 0.006 13.791 0.02 0.025
J105756+455553 3.4053531 0.057 0.006 13.158 0.025 0.043
J105756+455553 3.7538517 0.234 0.012 13.982 0.027 0.052
J105756+455553 3.2382656 0.612 0.009 14.376 0.021 0.025
J105756+455553 3.2687148 0.03 0.003 12.884 0.031 0.049
J105756+455553 3.5209732 0.029 0.002 12.881 0.036 0.053
J105756+455553 3.3167694 0.397 0.014 14.104 0.021 0.026
J105756+455553 3.5322639 0.682 0.011 14.478 0.0 1.0
J105756+455553 3.1222058 0.059 0.003 13.252 0.052 0.058
J105756+455553 3.8260434 0.39 0.013 14.124 0.019 0.027
J105800-302455 1.8402836 0.216 0.01 13.846 0.03 0.045
J110045+112239 3.74176 1.018 0.019 14.65 0.0 1.0
J110610+640009 1.8919517 0.511 0.005 14.373 0.022 0.024
J110610+640009 1.8408509 0.08 0.001 13.591 0.055 0.062
J110610+640009 1.7193576 0.04 0.003 13.049 0.037 0.048
J110610+640009 1.9410618 0.383 0.005 14.291 0.024 0.032
J110610+640009 2.0455827 0.107 0.005 13.522 0.034 0.04
J110621+104432 1.6211021 0.095 0.005 13.695 0.044 0.094
J110621+104432 1.6751038 0.986 0.013 14.688 0.0 1.0
J110621+104432 1.3701633 1.258 0.006 14.864 0.0 1.0
J110621+104432 1.817389 0.827 0.012 14.689 0.0 1.0
J110621+104432 1.4559769 0.721 0.012 14.581 0.0 1.0
J110855+120953 3.5283563 0.139 0.011 13.64 0.04 0.054
J110855+120953 3.0383927 0.438 0.016 14.148 0.023 0.028
J110855+120953 3.0169811 0.102 0.007 13.459 0.034 0.045
J110855+120953 3.5897893 0.155 0.009 13.618 0.022 0.038
J110855+120953 3.6169832 0.223 0.012 13.811 0.024 0.036
J110855+120953 2.7608369 0.103 0.006 13.454 0.035 0.044
J110855+120953 3.5450328 0.337 0.013 14.047 0.026 0.035
J110855+120953 3.4252529 0.109 0.007 13.529 0.041 0.058
J110855+120953 2.7359352 0.79 0.004 14.596 0.0 1.0
J110855+120953 3.1245812 0.061 0.005 13.208 0.033 0.052
J110855+120953 3.1092928 0.075 0.007 13.289 0.028 0.044
J111038+483115 2.6965956 0.048 0.005 13.09 0.032 0.047
J111038+483115 2.9087979 0.015 0.002 12.574 0.037 0.059
J111038+483115 2.1432039 0.056 0.001 13.249 0.065 0.07
J111038+483115 2.6846331 0.021 0.003 12.728 0.041 0.068
J111038+483115 2.1534965 0.017 0.002 12.633 0.045 0.061
J111038+483115 2.7610175 0.921 0.008 14.697 0.0 1.0
J111038+483115 2.7241835 0.169 0.004 13.693 0.029 0.033
J111038+483115 2.6619238 0.018 0.002 12.649 0.04 0.063
J111038+483115 2.8703275 0.068 0.003 13.279 0.037 0.047
J111109+144238 2.7038147 0.151 0.012 13.622 0.022 0.044
J111109+144238 2.9614248 0.185 0.012 13.729 0.026 0.047
J111109+144238 2.8382447 0.073 0.008 13.305 0.038 0.076
J111109+144238 2.8019117 0.24 0.018 13.848 0.022 0.042
J111109+144238 2.7875508 0.487 0.012 14.432 0.0 1.0
J111109+144238 2.4946529 0.214 0.012 13.806 0.026 0.042
J111109+144238 2.3062928 0.067 0.005 13.29 0.04 0.068
J111119+133603 2.8183558 0.041 0.005 13.051 0.036 0.081
J111119+133603 2.533363 0.772 0.002 14.806 0.0 1.0
J111727-083857 3.5731238 0.492 0.011 14.36 0.0 1.0
J111727-083857 4.0480962 0.422 0.018 14.162 0.018 0.04
J111727-083857 3.3905614 0.077 0.004 13.324 0.032 0.047
J112010-134625 3.5399424 0.031 0.002 12.906 0.046 0.061
J112010-134625 3.2551874 0.306 0.005 14.041 0.034 0.037
J112010-134625 3.5983769 0.048 0.004 13.091 0.028 0.047
J112010-134625 3.1781582 0.03 0.003 12.851 0.033 0.058
J112010-134625 3.6211398 0.112 0.012 13.457 0.02 0.034
J112010-134625 3.3508527 0.442 0.006 14.167 0.025 0.027
J112010-134625 3.7342239 0.024 0.002 12.772 0.038 0.064
J113010+041128 3.7723114 0.035 0.002 12.999 0.06 0.075
J113130+604420 2.866803 1.087 0.024 14.698 0.0 1.0
J113130+604420 2.5937213 0.068 0.007 13.252 0.023 0.045
J113130+604420 2.3653838 0.968 0.016 14.597 0.014 0.018
J113130+604420 2.16964 0.32 0.012 14.002 0.017 0.024
J113130+604420 2.3328226 0.2 0.008 13.856 0.027 0.035
J113130+604420 2.349674 0.293 0.015 13.953 0.018 0.025
J113130+604420 2.1291269 0.089 0.003 13.481 0.038 0.046
J113130+604420 2.1373782 0.185 0.003 13.91 0.033 0.04
J113130+604420 2.7887889 0.618 0.011 14.523 0.0 1.0
J113130+604420 2.7696707 0.324 0.02 13.987 0.016 0.023
J113418+574204 2.7705277 0.019 0.003 12.64 0.052 0.106
J113418+574204 3.2616767 0.168 0.002 13.918 0.052 0.066
J113418+574204 3.3223168 0.155 0.006 13.69 0.037 0.046
J113418+574204 3.2396337 0.224 0.004 13.962 0.041 0.049
J113418+574204 3.0287078 0.165 0.009 13.659 0.026 0.035
J113418+574204 2.9290245 0.034 0.003 12.974 0.051 0.08
J113418+574204 3.1041151 0.121 0.007 13.523 0.03 0.041
J114308+355222 2.5123767 0.18 0.006 13.902 0.048 0.057
J114308+355222 2.9722141 0.117 0.005 13.523 0.031 0.037
J114308+355222 2.7903728 0.086 0.004 13.38 0.033 0.041
J114308+355222 2.2854733 0.031 0.003 12.902 0.028 0.042
J114308+355222 2.3399662 0.143 0.004 13.669 0.043 0.047
J114308+355222 2.448167 0.402 0.004 14.218 0.03 0.034
J114308+355222 2.6454545 0.045 0.004 13.058 0.033 0.05
J114308+355222 2.9437695 0.035 0.005 12.966 0.032 0.061
J114436+095904 3.0400204 0.043 0.003 13.101 0.058 0.075
J114436+095904 2.8601768 0.164 0.008 13.708 0.036 0.045
J114608-244732 1.3657946 0.33 0.01 14.078 0.027 0.041
J114608-244732 1.5205666 0.246 0.011 13.964 0.035 0.048
J114608-244732 1.5626329 0.187 0.006 13.854 0.041 0.053
J115122+020426 1.7819022 0.094 0.005 13.411 0.029 0.044
J115122+020426 2.2590226 0.509 0.004 14.514 0.0 1.0
J115153+150945 2.6178327 0.274 0.007 14.025 0.033 0.045
J115153+150945 2.7809361 0.858 0.012 14.67 0.0 1.0
J115153+150945 3.0202277 0.073 0.007 13.296 0.036 0.06
J115153+150945 2.8067816 0.092 0.007 13.452 0.041 0.068
J115153+150945 2.6876999 0.782 0.014 14.522 0.022 0.03
J115411+063426 2.6560536 0.021 0.003 12.72 0.042 0.079
J115411+063426 2.0722486 0.046 0.003 13.123 0.05 0.072
J115411+063426 2.446432 0.17 0.006 13.718 0.033 0.042
J115411+063426 2.4243391 0.06 0.004 13.272 0.063 0.076
J115411+063426 2.5126378 0.045 0.006 13.048 0.037 0.062
J115411+063426 2.0498026 0.204 0.006 13.916 0.045 0.056
J115411+063426 1.9590989 0.409 0.006 14.199 0.031 0.033
J115411+063426 2.563372 0.058 0.003 13.238 0.055 0.07
J115411+063426 2.7071757 0.265 0.006 13.931 0.03 0.035
J115411+063426 2.0284717 0.086 0.004 13.408 0.041 0.055
J115411+063426 2.3080969 0.11 0.009 13.473 0.025 0.039
J115411+063426 2.0891922 0.402 0.01 14.306 0.023 0.029
J115411+063426 2.3662817 0.333 0.008 14.142 0.035 0.042
J115411+063426 2.335505 0.301 0.006 14.015 0.03 0.035
J115906+133737 3.1181036 0.013 0.002 12.544 0.046 0.111
J120044-185944 2.2354463 0.038 0.002 13.025 0.053 0.062
J120044-185944 2.0347933 0.017 0.001 12.633 0.045 0.066
J120044-185944 2.0407692 0.016 0.002 12.605 0.045 0.067
J120044-185944 2.2659797 0.128 0.003 13.695 0.057 0.06
J120044-185944 1.9144816 0.272 0.003 14.058 0.041 0.043
J120044-185944 1.8001882 0.095 0.002 13.449 0.043 0.048
J120207+323538 4.7105273 0.238 0.015 13.852 0.016 0.028
J120342+102831 1.3423633 0.693 0.011 14.61 0.013 0.023
J120342+102831 1.7962537 0.392 0.004 14.467 0.0 1.0
J120342+102831 1.4872397 0.046 0.003 13.125 0.048 0.076
J120342+102831 1.5789483 1.167 0.01 14.881 0.0 1.0
J120416+022111 2.4411037 0.525 0.015 14.233 0.029 0.042
J120416+022111 2.2416641 0.065 0.004 13.309 0.089 0.123
J121117+042222 2.1711569 0.639 0.01 14.401 0.017 0.021
J121117+042222 2.2070742 0.032 0.004 12.913 0.026 0.053
J121117+042222 2.3763266 0.887 0.008 14.793 0.0 1.0
J121549-003432 2.4590331 0.771 0.013 14.555 0.0 1.0
J121732+330538 2.0137731 0.148 0.008 13.66 0.027 0.05
J121732+330538 2.5255397 0.033 0.004 12.925 0.04 0.077
J121732+330538 1.9984705 0.169 0.011 13.68 0.023 0.038
J121732+330538 1.8830051 0.037 0.004 12.984 0.033 0.062
J122040+092326 2.41404 0.181 0.01 13.728 0.028 0.04
J122040+092326 2.4755754 1.057 0.003 14.945 0.0 1.0
J122040+092326 2.3948331 0.077 0.007 13.318 0.034 0.054
J122040+092326 2.2804156 0.024 0.002 12.816 0.052 0.083
J122040+092326 2.8952693 0.34 0.007 14.12 0.033 0.039
J122040+092326 2.631401 0.48 0.004 14.551 0.0 1.0
J122040+092326 2.8160044 0.12 0.004 13.58 0.044 0.054
J122040+092326 3.0369651 0.066 0.006 13.246 0.037 0.053
J122518+483116 3.0243232 0.077 0.005 13.324 0.022 0.034
J122518+483116 2.761741 0.283 0.003 14.115 0.027 0.037
J122518+483116 2.5541197 0.048 0.003 13.154 0.035 0.05
J122518+483116 2.9174465 0.158 0.011 13.642 0.017 0.026
J122518+483116 2.3506544 0.307 0.011 14.012 0.021 0.027
J122518+483116 2.600687 0.166 0.006 13.694 0.022 0.029
J122518+483116 2.6264729 0.054 0.005 13.184 0.033 0.046
J122518+483116 2.7783347 0.038 0.003 13.033 0.032 0.051
J122518+483116 2.687065 0.453 0.009 14.163 0.016 0.02
J122518+483116 2.5846911 0.211 0.006 13.889 0.027 0.035
J122527+223512 1.8350849 0.033 0.004 12.967 0.049 0.095
J122527+223512 1.9509243 0.025 0.003 12.807 0.043 0.088
J122527+223512 1.9804349 0.171 0.005 13.833 0.044 0.059
J122527+223512 1.4866158 0.333 0.007 14.096 0.0 1.0
J122527+223512 1.9373168 1.044 0.014 14.685 0.0 1.0
J122602+132114 2.6368655 1.165 0.006 14.998 0.0 1.0
J122602+132114 2.8510983 0.154 0.005 13.734 0.042 0.053
J122602+132114 2.6888292 0.472 0.012 14.257 0.028 0.035
J122848-010414 2.3218848 0.38 0.005 14.438 0.0 1.0
J122848-010414 1.8733838 0.038 0.003 13.026 0.055 0.075
J122848-010414 2.5924567 0.126 0.005 13.71 0.057 0.071
J122848-010414 2.199789 0.086 0.006 13.397 0.036 0.057
J122848-010414 2.1897863 0.281 0.01 14.018 0.034 0.044
J122848-010414 2.3868092 0.081 0.006 13.376 0.038 0.059
J123055-113909 3.205964 0.088 0.007 13.408 0.038 0.059
J123055-113909 2.8385293 0.505 0.009 14.382 0.026 0.038
J123055-113909 2.7054719 0.018 0.003 12.643 0.054 0.108
J123643-020420 1.7177039 1.464 0.019 14.934 0.0 1.0
J123643-020420 1.6735297 0.65 0.016 14.495 0.0 1.0
J123643-020420 1.413155 0.642 0.009 14.566 0.013 0.027
J123643-020420 1.5670366 0.17 0.009 13.796 0.038 0.063
J123643-020420 1.6180273 0.148 0.003 13.925 0.0 1.0
J123714+064759 2.1395953 0.042 0.004 13.046 0.04 0.059
J123714+064759 2.7315281 0.025 0.003 12.807 0.045 0.071
J123714+064759 2.2324211 0.235 0.003 13.987 0.039 0.046
J123714+064759 2.5628836 0.07 0.002 13.347 0.053 0.062
J123714+064759 2.0153192 1.147 0.007 14.966 0.0 1.0
J123714+064759 2.5191606 0.013 0.002 12.485 0.04 0.083
J123714+064759 2.1988767 0.037 0.004 12.98 0.038 0.059
J123714+064759 2.3116887 0.066 0.003 13.234 0.026 0.042
J123714+064759 2.6916762 1.926 0.01 14.983 0.0 1.0
J123714+064759 2.4859065 0.03 0.002 12.905 0.049 0.068
J123714+064759 2.1034666 1.796 0.008 15.174 0.0 1.0
J123714+064759 2.6225677 0.256 0.008 14.103 0.024 0.036
J123714+064759 2.5872866 1.515 0.011 14.935 0.0 1.0
J123748+012606 2.5073462 0.449 0.01 14.245 0.0 1.0
J123748+012606 2.9348789 0.062 0.008 13.213 0.0 1.0
J123748+012606 2.3968719 0.138 0.011 13.695 0.025 0.055
J124020+145535 3.0228863 0.482 0.016 14.306 0.025 0.04
J124020+145535 2.6887539 0.365 0.011 14.111 0.026 0.036
J124020+145535 2.8036761 0.058 0.007 13.223 0.037 0.081
J124020+145535 2.5647103 0.167 0.013 13.69 0.029 0.048
J124020+145535 3.0027705 0.151 0.013 13.612 0.023 0.046
J124020+145535 2.6281803 0.864 0.02 14.576 0.019 0.031
J124020+145535 2.8780235 0.118 0.012 13.531 0.028 0.056
J124020+145535 2.6388442 0.275 0.012 14.013 0.029 0.045
J124020+145535 2.5938477 0.222 0.012 13.91 0.035 0.055
J124020+145535 2.3846327 0.541 0.012 14.474 0.0 1.0
J124020+145535 2.4903909 0.397 0.012 14.208 0.021 0.036
J124610+303131 2.0940479 0.229 0.007 13.912 0.025 0.032
J124610+303131 2.2526084 0.27 0.005 14.014 0.024 0.029
J124610+303131 2.0527781 0.276 0.011 13.972 0.022 0.029
J124610+303131 1.9274685 0.435 0.008 14.183 0.019 0.023
J124610+303131 1.8763166 0.102 0.005 13.485 0.029 0.039
J124714+312641 2.4360037 0.226 0.011 13.809 0.022 0.033
J124714+312641 2.752311 0.232 0.016 13.842 0.021 0.041
J124714+312641 2.8875282 0.092 0.006 13.409 0.035 0.051
J124714+312641 2.1551205 1.013 0.012 14.796 0.0 1.0
J124714+312641 2.3464884 0.114 0.005 13.576 0.045 0.059
J124714+312641 2.7085546 0.279 0.014 13.958 0.026 0.035
J124714+312641 2.5578814 0.282 0.008 14.027 0.031 0.04
J124714+312641 2.5431829 0.027 0.002 12.876 0.048 0.081
J124714+312641 2.4754488 0.086 0.009 13.353 0.027 0.051
J124913-055918 1.6720867 0.305 0.007 14.103 0.037 0.049
J124913-055918 1.8581819 0.071 0.003 13.435 0.075 0.087
J124913-055918 2.187324 0.083 0.003 13.375 0.04 0.05
J124913-055918 1.6458139 1.118 0.014 14.787 0.0 1.0
J124913-055918 1.5640532 0.036 0.004 12.978 0.031 0.067
J124957-015928 3.1021168 0.399 0.004 14.167 0.029 0.032
J125316+114720 2.8021638 0.301 0.015 13.953 0.021 0.035
J125316+114720 2.8348782 0.05 0.005 13.177 0.049 0.079
J125838-180002 1.5022535 0.154 0.012 13.728 0.034 0.066
J125838-180002 1.6428351 0.497 0.011 14.356 0.023 0.037
J125838-180002 1.3646024 0.722 0.018 14.498 0.0 1.0
J125838-180002 1.8375388 0.292 0.017 14.022 0.027 0.047
J125838-180002 1.5076534 0.132 0.008 13.659 0.039 0.071
J125838-180002 1.6768322 0.129 0.005 13.661 0.043 0.066
J130411+295348 2.424927 0.175 0.01 13.77 0.027 0.036
J130411+295348 2.1222082 0.392 0.003 14.422 0.0 1.0
J130426+120245 2.5350147 0.341 0.015 14.028 0.016 0.025
J130426+120245 2.1421277 0.304 0.004 14.203 0.0 1.0
J130426+120245 2.9134924 0.718 0.012 14.505 0.016 0.023
J130426+120245 2.7867387 0.041 0.006 13.041 0.025 0.053
J130426+120245 2.9289443 0.131 0.011 13.581 0.023 0.035
J130426+120245 2.8398489 0.019 0.003 12.675 0.043 0.082
J130426+120245 2.8987367 0.061 0.007 13.234 0.025 0.044
J130542+092427 1.9020277 0.865 0.022 14.591 0.0 1.0
J130542+092427 1.926859 0.052 0.005 13.269 0.053 0.106
J130542+092427 1.5383894 1.085 0.015 14.704 0.0 1.0
J131011+460124 1.6978622 0.033 0.001 12.97 0.067 0.081
J131011+460124 1.645131 0.039 0.002 13.017 0.046 0.059
J131011+460124 1.7728232 0.436 0.003 14.303 0.035 0.037
J131011+460124 1.6773252 0.065 0.002 13.373 0.076 0.084
J131011+460124 2.0791429 0.208 0.003 13.902 0.045 0.049
J131040+542449 1.5908181 0.034 0.005 12.947 0.046 0.093
J131040+542449 1.5987608 0.862 0.012 14.659 0.015 0.022
J131040+542449 1.6685331 0.324 0.007 14.17 0.035 0.047
J131215+423900 1.9245076 0.299 0.007 14.063 0.027 0.032
J131215+423900 2.0395191 0.187 0.006 13.786 0.025 0.031
J131215+423900 2.1895959 0.1 0.002 13.637 0.045 0.054
J131341+144140 1.79507 1.013 0.016 14.74 0.0 1.0
J131341+144140 1.3507928 1.446 0.004 14.959 0.0 1.0
J131341+144140 1.6806786 0.079 0.008 13.356 0.041 0.08
J131341+144140 1.4714498 0.229 0.006 14.017 0.0 1.0
J131855+531207 2.0044737 0.605 0.002 14.699 0.0 1.0
J131952-022543 1.8749743 0.339 0.013 14.163 0.0 1.0
J131952-022543 1.794377 0.196 0.006 13.923 0.035 0.059
J132029-052335 3.1783773 0.014 0.002 12.533 0.044 0.076
J132029-052335 2.933516 0.053 0.004 13.138 0.029 0.045
J132029-052335 2.8319597 0.371 0.005 14.076 0.026 0.029
J132029-052335 3.2881488 0.412 0.005 14.2 0.031 0.033
J132029-052335 3.3598908 0.036 0.002 12.979 0.044 0.059
J132029-052335 2.9812928 0.007 0.001 12.271 0.044 0.086
J132029-052335 3.2772894 0.048 0.002 13.102 0.039 0.049
J132029-052335 3.0921063 0.039 0.002 13.025 0.05 0.063
J132029-052335 3.3769945 0.085 0.003 13.37 0.038 0.046
J132029-052335 2.9006534 0.044 0.002 13.07 0.043 0.057
J132029-052335 3.3023738 0.071 0.004 13.268 0.032 0.043
J132654-050058 1.4035617 0.268 0.011 14.051 0.021 0.045
J132654-050058 1.3153487 0.436 0.012 14.38 0.0 1.0
J132654-050058 1.7816217 0.213 0.009 13.874 0.032 0.05
J132654-050058 1.8508066 0.264 0.007 14.129 0.0 1.0
J132654-050058 1.4639405 1.101 0.012 14.747 0.0 1.0
J132654-050058 1.5062164 0.23 0.012 13.913 0.031 0.053
J133007-205616 1.1354956 0.193 0.006 14.014 0.0 1.0
J133051-252219 3.2937836 0.053 0.007 13.136 0.03 0.067
J133051-252219 3.0821653 0.704 0.015 14.497 0.023 0.03
J133051-252219 3.3891424 0.184 0.008 13.764 0.035 0.048
J133532+082404 1.8563647 0.564 0.019 14.384 0.0 1.0
J133532+082404 1.5150776 0.129 0.01 13.648 0.037 0.074
J133532+082404 1.4021268 1.322 0.006 14.865 0.0 1.0
J133532+082404 1.4784252 0.826 0.015 14.632 0.0 1.0
J133941+054822 2.6876609 0.489 0.009 14.37 0.0 1.0
J133941+054822 2.2763745 0.017 0.003 12.66 0.046 0.097
J133941+054822 2.5876132 0.955 0.014 14.638 0.0 1.0
J133941+054822 2.8300943 0.057 0.006 13.172 0.035 0.06
J133941+054822 2.7125612 0.39 0.004 14.258 0.033 0.041
J133941+054822 2.1384772 0.088 0.008 13.367 0.029 0.043
J133941+054822 2.3112022 0.041 0.003 13.043 0.049 0.075
J134145-003631 1.9613262 0.45 0.012 14.278 0.0 1.0
J134145-003631 1.8407337 0.275 0.015 13.95 0.027 0.038
J134145-003631 1.9516179 0.164 0.002 14.003 0.0 1.0
J134258-135559 2.7530579 0.059 0.005 13.19 0.033 0.049
J134258-135559 2.7390255 0.044 0.004 13.052 0.039 0.059
J134258-135559 3.0946329 0.013 0.001 12.499 0.039 0.071
J134258-135559 2.9932619 0.034 0.003 12.916 0.036 0.054
J134258-135559 2.3783573 0.053 0.003 13.146 0.036 0.047
J134258-135559 2.8903361 0.02 0.002 12.728 0.052 0.082
J134258-135559 2.5126319 0.078 0.003 13.365 0.046 0.055
J134258-135559 2.2929126 0.048 0.002 13.108 0.04 0.047
J134258-135559 2.4316065 0.03 0.003 12.876 0.041 0.062
J134328+572147 2.3605916 0.195 0.007 13.853 0.036 0.056
J134328+572147 2.8334325 0.402 0.018 14.219 0.023 0.046
J134328+572147 2.8896299 0.152 0.016 13.631 0.021 0.057
J134328+572147 2.8702868 0.136 0.009 13.699 0.0 1.0
J134328+572147 2.5909085 0.613 0.018 14.435 0.0 1.0
J134544+262506 1.6705428 0.602 0.004 14.629 0.0 1.0
J134544+262506 1.4511614 0.787 0.01 14.716 0.0 1.0
J134916-033715 3.3376168 0.027 0.003 12.862 0.05 0.089
J134916-033715 3.3605888 1.294 0.014 14.898 0.0 1.0
J134916-033715 3.6141378 0.25 0.014 13.88 0.022 0.034
J134916-033715 3.5896141 0.101 0.01 13.458 0.029 0.051
J135317+532825 2.8463858 0.033 0.003 12.961 0.038 0.064
J135317+532825 2.2254538 0.322 0.006 14.234 0.024 0.037
J135317+532825 2.5259984 0.305 0.009 14.067 0.023 0.03
J135334-031022 2.6669061 0.364 0.014 14.072 0.023 0.036
J135334-031022 2.5593911 0.762 0.018 14.486 0.02 0.03
J140039+112022 2.4486177 0.056 0.004 13.197 0.04 0.062
J140039+112022 2.3505835 0.182 0.003 13.903 0.043 0.059
J140039+112022 2.416094 0.142 0.008 13.648 0.029 0.053
J140039+112022 2.1890974 0.31 0.011 14.01 0.027 0.036
J140039+112022 2.4824919 0.93 0.011 14.683 0.0 1.0
J140445-013021 1.7842868 0.086 0.005 13.391 0.037 0.052
J140445-013021 1.9400409 0.162 0.005 13.773 0.04 0.055
J140445-013021 2.2076315 0.414 0.007 14.346 0.016 0.022
J140501+444800 1.7322266 0.679 0.005 14.603 0.0 1.0
J140501+444800 2.0690937 0.166 0.004 13.948 0.03 0.046
J140501+444800 1.552634 0.277 0.005 13.984 0.031 0.036
J140501+444800 1.8169898 0.298 0.007 14.029 0.027 0.035
J140501+444800 2.0483554 0.217 0.007 13.908 0.032 0.043
J140501+444800 2.0166987 0.105 0.004 13.504 0.033 0.046
J140501+444800 2.090883 0.155 0.003 13.869 0.045 0.058
J140501+444800 1.9273495 0.43 0.01 14.445 0.0 1.0
J141217+091624 2.5411688 0.689 0.01 14.512 0.025 0.031
J141217+091624 2.6666255 0.62 0.007 14.449 0.027 0.033
J141217+091624 2.634379 0.037 0.003 13.011 0.055 0.075
J141217+091624 2.64306 0.026 0.004 12.798 0.032 0.07
J141217+091624 2.578835 0.039 0.002 13.026 0.042 0.064
J141217+091624 2.4562328 0.174 0.005 13.764 0.039 0.045
J141217+091624 2.5509523 0.022 0.002 12.744 0.045 0.08
J141217+091624 2.4060068 0.084 0.005 13.373 0.035 0.048
J141217+091624 2.5579318 0.035 0.003 12.974 0.037 0.062
J141217+091624 2.7842401 0.084 0.006 13.344 0.026 0.04
J141217+091624 2.397734 0.031 0.003 12.916 0.041 0.067
J141520-095558 1.3607026 0.563 0.012 14.481 0.017 0.035
J141520-095558 1.4773948 0.767 0.027 14.515 0.0 1.0
J141719+413237 1.7886546 0.043 0.002 13.065 0.079 0.105
J141719+413237 1.7668455 0.072 0.003 13.414 0.104 0.123
J141719+413237 1.4352639 1.151 0.011 14.763 0.0 1.0
J141719+413237 1.6132702 0.052 0.004 13.136 0.077 0.105
J141719+413237 1.4822919 1.07 0.005 14.942 0.0 1.0
J141719+413237 1.4755294 0.066 0.005 13.266 0.07 0.096
J141719+413237 1.9549411 0.433 0.01 14.116 0.031 0.038
J141906+592312 2.2856914 0.058 0.008 13.168 0.017 0.037
J141906+592312 1.698522 0.07 0.004 13.301 0.029 0.041
J141906+592312 2.0771647 0.158 0.003 14.008 0.0 1.0
J142326+325220 1.7174886 0.262 0.013 13.999 0.025 0.056
J142326+325220 1.7593507 0.141 0.009 13.712 0.027 0.094
J142330+115951 1.3606364 0.437 0.01 14.288 0.0 1.0
J142656+602550 2.72618 0.027 0.002 12.838 0.042 0.052
J142656+602550 2.963945 0.069 0.003 13.266 0.04 0.044
J142656+602550 2.4866836 0.235 0.004 13.854 0.033 0.035
J142656+602550 2.8295622 1.096 0.004 14.711 0.023 0.025
J142656+602550 2.4759084 0.058 0.002 13.198 0.046 0.052
J142656+602550 2.3427895 0.049 0.001 13.117 0.049 0.053
J142656+602550 2.7727128 0.245 0.001 14.296 0.053 0.061
J142656+602550 2.9504592 0.137 0.003 13.597 0.035 0.038
J142656+602550 2.7960187 0.016 0.001 12.619 0.05 0.067
J142656+602550 2.6464706 0.026 0.002 12.819 0.042 0.054
J142656+602550 3.095425 0.053 0.002 13.153 0.045 0.051
J143040+014939 1.9328525 0.083 0.006 13.397 0.041 0.059
J143040+014939 2.0704305 0.954 0.006 14.718 0.0 1.0
J143040+014939 1.9568075 0.091 0.005 13.422 0.035 0.051
J143040+014939 1.9859023 0.033 0.005 12.923 0.033 0.07
J143040+014939 1.7892196 0.387 0.002 14.426 0.0 1.0
J143316+313126 2.6441769 0.071 0.002 13.316 0.048 0.057
J143316+313126 2.8575519 0.024 0.004 12.771 0.028 0.066
J143316+313126 2.8907925 0.073 0.004 13.29 0.028 0.041
J143316+313126 2.3736138 0.333 0.009 14.01 0.025 0.03
J143316+313126 2.6128362 0.12 0.007 13.514 0.03 0.039
J143316+313126 2.4371588 0.028 0.003 12.873 0.038 0.067
J143316+313126 2.7746779 0.04 0.005 13.014 0.026 0.05
J143500+535953 2.4093913 0.015 0.002 12.603 0.036 0.061
J143500+535953 2.2838297 0.07 0.002 13.304 0.033 0.04
J143500+535953 2.1027999 0.048 0.003 13.121 0.031 0.043
J143500+535953 2.2912721 0.075 0.004 13.322 0.028 0.036
J143500+535953 1.9913708 0.955 0.005 14.925 0.0 1.0
J143500+535953 2.5888703 0.1 0.005 13.427 0.019 0.028
J143500+535953 2.2483525 0.031 0.002 12.909 0.033 0.049
J143500+535953 2.3951159 0.119 0.005 13.578 0.033 0.038
J143500+535953 2.3429886 0.218 0.006 13.831 0.022 0.026
J143500+535953 2.5390255 0.07 0.005 13.259 0.022 0.034
J143907-010616 1.6621992 0.108 0.009 13.528 0.03 0.051
J143907-010616 1.7247695 0.07 0.004 13.378 0.042 0.069
J143912+111740 1.8590508 0.311 0.007 13.986 0.026 0.031
J143912+111740 2.4803148 0.318 0.004 14.26 0.03 0.036
J143912+111740 2.4181052 0.712 0.009 14.429 0.022 0.025
J143912+111740 1.8749062 0.937 0.003 14.911 0.0 1.0
J143912+111740 2.5418495 0.01 0.001 12.404 0.058 0.095
J143912+111740 2.4080729 0.134 0.005 13.601 0.036 0.043
J143912+111740 2.4674198 0.043 0.003 13.043 0.03 0.05
J143912+111740 1.8374957 0.227 0.004 13.895 0.037 0.041
J143912+111740 2.492936 0.015 0.001 12.615 0.059 0.087
J143912+295448 2.5951835 0.022 0.003 12.742 0.044 0.073
J143912+295448 2.8745234 0.646 0.019 14.522 0.0 1.0
J143912+295448 2.2689105 0.167 0.005 13.785 0.041 0.051
J143912+295448 2.4948617 0.218 0.007 13.947 0.04 0.047
J143912+295448 2.8282062 0.068 0.006 13.249 0.025 0.043
J143916-015627 1.6968903 0.497 0.016 14.334 0.0 1.0
J143916-015627 1.584777 1.272 0.007 14.812 0.0 1.0
J144231+013734 2.1363704 0.161 0.012 13.76 0.038 0.083
J144231+013734 2.158255 0.547 0.012 14.429 0.0 1.0
J145147-151220 3.8755769 0.036 0.002 12.978 0.047 0.056
J145147-151220 4.6922492 0.331 0.007 14.0 0.025 0.027
J145147-151220 4.6201666 0.103 0.003 13.446 0.029 0.037
J145147-151220 4.4631603 0.272 0.008 13.924 0.029 0.032
J145147-151220 4.6123709 0.139 0.005 13.593 0.03 0.036
J145147-151220 3.9769474 0.113 0.004 13.493 0.033 0.038
J145147-151220 4.6286224 0.071 0.005 13.256 0.023 0.033
J145147-151220 4.6485506 0.018 0.002 12.659 0.051 0.073
J145147-151220 3.7465129 0.263 0.005 13.891 0.026 0.029
J145408+511443 2.6849644 0.138 0.006 13.775 0.034 0.047
J145435+094100 1.4359329 0.592 0.015 14.433 0.021 0.037
J145435+094100 1.5649723 0.754 0.009 14.626 0.0 1.0
J145435+094100 1.3452884 0.932 0.006 14.835 0.0 1.0
J145435+094100 1.7888504 0.915 0.019 14.628 0.0 1.0
J145435+094100 1.7593402 0.155 0.008 13.8 0.038 0.068
J145754+003639 2.3835915 0.168 0.012 13.705 0.033 0.045
J145754+003639 2.0960195 0.306 0.005 14.262 0.0 1.0
J145754+003639 2.1228348 0.084 0.006 13.383 0.038 0.061
J145754+003639 2.5779459 0.163 0.009 13.667 0.026 0.041
J145754+003639 2.0513139 4.223 0.016 15.432 0.0 1.0
J145754+003639 2.5098938 0.256 0.01 14.053 0.036 0.054
J145754+003639 2.080021 0.077 0.004 13.378 0.049 0.067
J145754+003639 2.4920499 0.178 0.009 13.839 0.044 0.058
J150932+111313 1.5469336 1.182 0.012 14.803 0.0 1.0
J150932+111313 1.9589268 0.119 0.008 13.606 0.038 0.08
J150932+111313 2.0570485 0.237 0.011 13.923 0.029 0.053
J150932+111313 2.0281201 0.455 0.023 14.224 0.021 0.043
J151224+465233 2.4463604 0.164 0.014 13.648 0.022 0.038
J151224+465233 2.773518 0.034 0.004 12.997 0.048 0.103
J151224+465233 2.4600739 0.11 0.004 13.535 0.042 0.057
J151224+465233 2.5341203 1.201 0.014 14.835 0.0 1.0
J151224+465233 2.89512 0.096 0.009 13.46 0.037 0.065
J151224+465233 3.084423 0.158 0.013 13.712 0.028 0.061
J151224+465233 2.5085357 0.254 0.017 13.877 0.023 0.037
J152156+520238 1.8750075 0.145 0.004 13.677 0.032 0.035
J152156+520238 2.0915796 0.014 0.002 12.557 0.03 0.049
J154153+315329 2.1983623 0.457 0.009 14.428 0.0 1.0
J154153+315329 2.5153869 0.433 0.015 14.213 0.021 0.026
J154153+315329 2.442939 0.179 0.011 13.708 0.019 0.029
J155556+480015 2.4775089 0.216 0.003 14.052 0.037 0.062
J155556+480015 2.9352902 0.043 0.006 13.098 0.056 0.112
J155556+480015 2.4705475 0.06 0.008 13.209 0.036 0.071
J155556+480015 3.0893087 0.356 0.02 14.069 0.022 0.038
J155556+480015 2.3918656 1.531 0.015 14.865 0.0 1.0
J155810-003120 2.3534765 0.658 0.007 14.543 0.0 1.0
J155810-003120 2.2155664 0.021 0.002 12.733 0.053 0.088
J155810-003120 2.3253158 0.174 0.006 13.707 0.035 0.041
J155810-003120 2.1670001 0.195 0.005 13.816 0.044 0.05
J155810-003120 2.7289242 0.49 0.005 14.349 0.034 0.037
J155810-003120 2.7092135 0.095 0.002 13.489 0.055 0.063
J155810-003120 2.1326534 0.025 0.002 12.822 0.054 0.072
J155810-003120 2.2893334 1.23 0.011 14.748 0.022 0.025
J155810-003120 2.6076647 0.148 0.002 13.765 0.057 0.062
J155810-003120 2.633889 0.04 0.003 13.024 0.044 0.061
J155810-003120 2.4336995 0.032 0.002 12.925 0.056 0.075
J155810-003120 2.1014606 0.205 0.005 13.786 0.035 0.04
J155814+405337 2.0479313 0.124 0.004 13.666 0.051 0.066
J155814+405337 2.4642465 0.08 0.004 13.373 0.045 0.063
J155814+405337 2.5531105 0.359 0.009 14.168 0.032 0.041
J160413+395121 2.4256258 0.203 0.012 13.923 0.026 0.038
J160413+395121 2.866179 0.331 0.009 14.124 0.02 0.036
J160413+395121 2.8976242 0.126 0.005 13.672 0.036 0.047
J160547+511330 1.7253229 0.042 0.004 13.094 0.038 0.07
J160843+071508 2.8161172 0.255 0.012 13.852 0.017 0.022
J160843+071508 2.6244014 0.234 0.009 13.844 0.023 0.028
J160843+071508 2.4438611 0.029 0.003 12.878 0.039 0.059
J160843+071508 2.3572067 0.06 0.004 13.238 0.048 0.061
J160843+071508 2.5456269 0.027 0.002 12.847 0.043 0.062
J160843+071508 2.4220853 0.157 0.005 13.716 0.036 0.042
J160843+071508 2.5776021 0.035 0.004 12.95 0.029 0.052
J160843+071508 2.3477426 0.059 0.003 13.205 0.035 0.047
J160843+071508 2.2713936 1.074 0.005 14.955 0.0 1.0
J162116-004250 2.9718532 0.085 0.003 13.362 0.035 0.04
J162116-004250 3.2411586 0.017 0.001 12.64 0.048 0.066
J162116-004250 2.8184704 0.211 0.003 13.828 0.035 0.037
J162116-004250 3.1081594 1.009 0.004 14.696 0.023 0.025
J162116-004250 2.8900422 0.377 0.008 14.054 0.023 0.025
J162116-004250 3.2126463 0.029 0.002 12.88 0.036 0.052
J162116-004250 2.873621 0.063 0.002 13.225 0.035 0.043
J162116-004250 2.995942 0.022 0.001 12.784 0.072 0.084
J162116-004250 3.2008222 0.076 0.004 13.306 0.031 0.038
J162116-004250 3.0204751 0.023 0.002 12.756 0.034 0.054
J162453+375806 2.9722164 0.18 0.004 13.766 0.037 0.043
J162453+375806 3.0432473 0.537 0.017 14.207 0.018 0.023
J162453+375806 2.6371208 0.208 0.005 14.061 0.049 0.065
J162548+264433 2.2455145 0.138 0.006 13.634 0.039 0.058
J162548+264433 1.8451475 0.061 0.005 13.246 0.053 0.082
J162548+264433 2.1119893 0.301 0.007 14.111 0.04 0.07
J162548+264433 2.1570729 0.049 0.004 13.125 0.048 0.077
J162548+264433 2.1863938 0.05 0.004 13.159 0.052 0.082
J162548+264658 1.8800673 0.215 0.003 13.996 0.067 0.08
J162548+264658 2.4013134 0.303 0.008 14.09 0.046 0.06
J162548+264658 1.926095 0.027 0.002 12.863 0.084 0.112
J162548+264658 2.2445963 0.102 0.003 13.506 0.059 0.07
J162548+264658 2.4437313 0.091 0.004 13.397 0.046 0.058
J162548+264658 1.9728196 0.14 0.004 13.642 0.055 0.063
J162548+264658 2.0525708 1.22 0.007 14.879 0.0 1.0
J162548+264658 2.1612348 0.227 0.006 13.854 0.042 0.047
J162557+264448 2.2415994 2.295 0.021 15.121 0.0 1.0
J162557+264448 1.9854922 0.241 0.005 14.156 0.0 1.0
J162557+264448 2.0425261 0.165 0.006 13.718 0.047 0.063
J162557+264448 2.1150614 0.109 0.002 13.667 0.076 0.102
J162557+264448 2.5510059 0.135 0.005 13.639 0.048 0.063
J162557+264448 2.094152 0.917 0.012 14.545 0.024 0.032
J162902+091322 1.615533 0.817 0.006 14.723 0.0 1.0
J162902+091322 1.9036087 2.173 0.023 15.09 0.0 1.0
J162902+091322 1.6641782 0.056 0.003 13.306 0.068 0.103
J162902+091322 1.7293668 0.428 0.013 14.301 0.0 1.0
J162902+091322 1.8259634 0.046 0.006 13.102 0.038 0.085
J163429+703132 1.2240728 0.029 0.004 12.89 0.052 0.101
J163429+703132 1.0403844 0.527 0.034 14.27 0.02 0.059
J164656+551445 3.1932306 0.151 0.003 13.667 0.033 0.036
J164656+551445 3.4207073 0.036 0.002 12.972 0.039 0.048
J164656+551445 3.8110339 0.022 0.003 12.722 0.038 0.063
J164656+551445 3.3225599 0.041 0.005 12.994 0.024 0.039
J164656+551445 3.2887388 0.167 0.007 13.677 0.025 0.029
J164656+551445 3.8801352 0.045 0.005 13.057 0.019 0.038
J164656+551445 3.1622035 0.054 0.003 13.141 0.024 0.035
J164656+551445 3.5431597 0.504 0.008 14.25 0.02 0.023
J164656+551445 3.3412109 0.027 0.003 12.836 0.023 0.038
J164656+551445 3.1287927 0.04 0.003 13.024 0.036 0.045
J171227+575507 2.4522197 0.069 0.004 13.342 0.083 0.107
J171227+575507 2.2529208 0.735 0.006 14.507 0.037 0.043
J171227+575507 2.5944404 0.049 0.006 13.085 0.034 0.076
J171227+575507 2.7113076 0.037 0.003 12.973 0.063 0.102
J171227+575507 2.3451286 0.18 0.006 13.764 0.055 0.065
J171227+575507 2.308761 0.218 0.003 14.177 0.071 0.096
J171227+575507 2.8153088 0.214 0.004 13.926 0.055 0.068
J171227+575507 2.8488642 0.238 0.01 13.866 0.039 0.049
J172323+224357 3.3488623 0.087 0.003 13.396 0.038 0.049
J173352+540030 2.8513909 0.066 0.002 13.291 0.051 0.06
J173352+540030 3.1194248 0.09 0.003 13.402 0.037 0.045
J173352+540030 3.1397422 0.477 0.006 14.328 0.031 0.038
J173352+540030 2.4915109 0.146 0.002 13.964 0.066 0.071
J173352+540030 3.1568004 0.029 0.002 12.904 0.069 0.093
J173352+540030 3.028904 0.258 0.007 13.891 0.027 0.032
J173352+540030 3.1716213 0.078 0.004 13.345 0.041 0.05
J173352+540030 2.9492214 0.032 0.002 12.926 0.045 0.062
J175603+574848 1.9705638 2.836 0.006 15.326 0.0 1.0
J175603+574848 2.0557069 0.631 0.022 14.276 0.018 0.023
J175603+574848 2.0420792 0.498 0.006 14.391 0.033 0.045
J175746+753916 2.9151761 0.136 0.005 13.59 0.031 0.035
J175746+753916 2.4841516 0.146 0.006 13.644 0.032 0.039
J175746+753916 2.8956722 0.088 0.004 13.384 0.034 0.043
J175746+753916 2.6250156 0.756 0.008 14.615 0.0 1.0
J175746+753916 2.8493272 0.872 0.005 14.663 0.0 1.0
J185230+401906 2.0407097 0.112 0.012 13.547 0.036 0.088
J185230+401906 1.9897245 1.148 0.017 14.717 0.008 0.023
J194454+760552 2.7772746 0.02 0.002 12.706 0.056 0.068
J194454+760552 2.4652947 0.017 0.002 12.628 0.038 0.063
J194454+760552 2.6443698 0.071 0.001 13.392 0.062 0.066
J194454+760552 2.3952529 0.024 0.001 12.814 0.064 0.073
J194454+760552 2.2640212 0.014 0.001 12.548 0.061 0.081
J194454+760552 2.9166568 0.021 0.001 12.724 0.045 0.059
J194454+760552 2.8435792 0.491 0.003 14.37 0.03 0.032
J194454+760552 2.8928648 0.099 0.003 13.433 0.029 0.034
J201717-401924 3.0330686 0.058 0.006 13.198 0.034 0.065
J203642-055300 2.1404861 0.15 0.006 13.698 0.044 0.066
J203642-055300 2.2804022 0.081 0.005 13.396 0.055 0.078
J203642-055300 1.9224024 0.526 0.012 14.362 0.0 1.0
J203642-055300 2.5243466 0.708 0.012 14.518 0.022 0.034
J203642-055300 2.5117077 0.508 0.015 14.316 0.026 0.044
J203642-055300 2.3028897 0.054 0.005 13.179 0.05 0.091
J203642-055300 2.3296427 0.095 0.004 13.525 0.063 0.085
J210025-064146 2.892187 0.238 0.006 13.854 0.04 0.048
J210025-064146 3.0922869 1.083 0.005 14.845 0.0 1.0
J210025-064146 2.8764977 0.062 0.002 13.285 0.083 0.101
J210025-064146 2.4895222 0.185 0.006 13.731 0.046 0.057
J210025-064146 2.7445961 0.115 0.004 13.512 0.051 0.066
J210025-064146 2.4093877 0.141 0.005 13.643 0.061 0.072
J210244-355307 2.6998819 0.477 0.009 14.392 0.0 1.0
J210244-355307 2.9711999 0.026 0.003 12.834 0.037 0.067
J210244-355307 2.4340473 0.547 0.006 14.493 0.0 1.0
J210244-355307 2.7942087 0.044 0.003 13.083 0.048 0.07
J210244-355307 2.9104703 0.079 0.004 13.325 0.03 0.045
J210244-355307 2.6838347 0.225 0.009 13.83 0.027 0.038
J210244-355307 2.2849487 0.131 0.011 13.588 0.039 0.053
J210244-355307 2.3960526 0.162 0.009 13.738 0.036 0.059
J210244-355307 2.2678978 0.103 0.003 13.524 0.045 0.059
J211654-433234 1.9201328 0.617 0.031 14.292 0.017 0.025
J211654-433234 1.5430788 0.21 0.005 14.001 0.034 0.061
J211654-433234 1.4852167 0.601 0.008 14.429 0.026 0.034
J211927-353740 1.8839316 0.062 0.005 13.241 0.038 0.059
J211927-353740 2.306599 0.433 0.01 14.184 0.028 0.03
J211927-353740 2.0772314 0.011 0.002 12.409 0.042 0.099
J211927-353740 2.0679216 0.129 0.003 13.638 0.046 0.054
J211927-353740 1.6878347 0.485 0.004 14.563 0.024 0.032
J211927-353740 2.0876258 0.06 0.003 13.229 0.049 0.062
J211927-353740 1.9967551 1.202 0.01 14.953 0.0 1.0
J212449+094855 1.4524211 0.803 0.025 14.58 0.0 1.0
J212449+094855 1.8688508 1.212 0.044 14.715 0.0 1.0
J212449+094855 1.730323 1.124 0.027 14.735 0.0 1.0
J212449+094855 1.4708114 1.487 0.022 14.889 0.0 1.0
J212904-160249 2.847724 0.16 0.01 13.791 0.03 0.05
J212904-160249 2.1631335 1.179 0.009 14.853 0.0 1.0
J212904-160249 2.3567177 0.116 0.011 13.589 0.024 0.052
J212904-160249 2.8230539 0.082 0.005 13.419 0.031 0.053
J213605-430818 2.116418 0.022 0.003 12.75 0.051 0.097
J213605-430818 2.2833814 0.026 0.003 12.849 0.047 0.087
J213605-430818 2.0884459 0.264 0.011 13.927 0.029 0.037
J213605-430818 2.3817184 0.09 0.005 13.392 0.03 0.048
J213605-430818 1.7408302 0.521 0.006 14.372 0.028 0.034
J213605-430818 1.9043997 0.24 0.006 14.064 0.038 0.065
J213605-430818 2.0640896 0.118 0.007 13.548 0.038 0.052
J213605-430818 1.9149675 1.189 0.023 14.785 0.0 1.0
J213605-430818 1.7230216 0.122 0.01 13.542 0.033 0.047
J214159-441325 2.9436776 0.519 0.016 14.216 0.022 0.026
J214159-441325 2.929242 0.107 0.008 13.442 0.024 0.035
J214159-441325 2.9011508 0.698 0.016 14.413 0.022 0.025
J214159-441325 2.8515678 0.802 0.014 14.465 0.021 0.024
J214159-441325 2.7653186 0.403 0.014 14.094 0.022 0.027
J214159-441325 2.7851759 0.215 0.006 13.892 0.039 0.046
J214222-441929 2.4618668 0.051 0.005 13.202 0.052 0.105
J214222-441929 2.8117913 0.287 0.017 13.92 0.019 0.034
J214222-441929 2.3682235 0.336 0.016 14.077 0.028 0.04
J214222-441929 2.7631591 0.558 0.027 14.31 0.017 0.036
J214222-441929 3.0428766 0.401 0.01 14.23 0.021 0.052
J214222-441929 2.8526395 0.498 0.013 14.305 0.021 0.033
J214222-441929 2.35537 0.162 0.01 13.717 0.035 0.05
J215155-302753 1.882023 0.183 0.01 13.807 0.039 0.051
J215155-302753 1.6845137 0.106 0.003 13.521 0.051 0.061
J215155-302753 1.6384657 0.075 0.001 13.576 0.08 0.091
J215155-302753 1.7002453 0.848 0.011 14.672 0.02 0.027
J215324+053618 1.5282069 0.16 0.007 13.776 0.038 0.065
J215324+053618 1.4246811 0.329 0.013 14.182 0.0 1.0
J215324+053618 1.47466 0.098 0.01 13.479 0.038 0.072
J215324+053618 1.8826454 0.118 0.012 13.535 0.031 0.059
J215324+053618 1.7295287 0.346 0.014 14.102 0.027 0.047
J215502+135825 3.551888 0.123 0.005 13.615 0.044 0.058
J215502+135825 3.4854943 0.202 0.004 13.865 0.038 0.047
J215502+135825 3.314948 0.596 0.019 14.254 0.016 0.022
J215502+135825 3.3355153 0.146 0.01 13.611 0.027 0.04
J215502+135825 3.7039642 0.128 0.009 13.552 0.027 0.042
J220639-181846 2.0450318 0.1 0.004 13.524 0.033 0.049
J220639-181846 2.3079856 0.675 0.016 14.505 0.0 1.0
J220639-181846 2.533502 0.057 0.007 13.195 0.028 0.063
J221527-161133 3.7094036 0.296 0.012 13.956 0.023 0.033
J221527-161133 3.3059046 0.212 0.008 13.802 0.029 0.04
J221527-161133 3.4896392 0.12 0.008 13.513 0.026 0.042
J221527-161133 2.9541889 0.218 0.002 14.048 0.05 0.058
J221531-174408 1.7429866 0.89 0.008 14.691 0.0 1.0
J221531-174408 1.9757241 0.019 0.002 12.707 0.038 0.074
J221531-174408 1.8011741 0.176 0.002 13.855 0.048 0.052
J221531-174408 2.021641 0.28 0.002 14.252 0.0 1.0
J221531-174408 2.1628359 0.056 0.005 13.18 0.039 0.064
J221531-174408 1.7955861 0.034 0.003 12.939 0.037 0.055
J221531-174408 2.0462611 0.032 0.003 12.916 0.038 0.056
J221531-174408 2.1085204 0.043 0.002 13.063 0.046 0.057
J221651-671443 3.7301884 0.164 0.01 13.659 0.026 0.035
J221651-671443 3.8405417 0.122 0.009 13.536 0.03 0.042
J221651-671443 3.5921572 0.05 0.003 13.103 0.045 0.063
J221651-671443 3.9946363 0.076 0.005 13.323 0.035 0.05
J222256-094636 2.2800848 0.071 0.006 13.279 0.021 0.04
J222256-094636 2.4167737 0.126 0.008 13.573 0.023 0.039
J222256-094636 2.3543252 1.482 0.014 14.973 0.0 1.0
J222256-094636 2.8645889 0.396 0.014 14.136 0.017 0.025
J222540-392436 2.1226396 0.554 0.024 14.372 0.0 1.0
J222756-224302 1.6831473 0.044 0.002 13.062 0.045 0.057
J222756-224302 1.343094 0.217 0.003 13.906 0.041 0.043
J222756-224302 1.4336931 0.808 0.002 14.537 0.023 0.024
J222756-224302 1.4519486 0.304 0.004 14.005 0.031 0.033
J222756-224302 1.4129159 0.265 0.004 14.101 0.049 0.054
J222756-224302 1.6398606 0.388 0.002 14.295 0.037 0.039
J222756-224302 1.8534438 0.382 0.003 14.137 0.03 0.032
J222756-224302 1.3296615 0.241 0.002 14.007 0.043 0.046
J222940-083254 1.5011432 0.277 0.005 14.206 0.0 1.0
J223619+132620 2.5545001 0.533 0.016 14.277 0.021 0.028
J223619+132620 2.8918541 0.129 0.006 13.592 0.032 0.043
J223619+132620 2.6602175 0.104 0.003 13.589 0.05 0.064
J223619+132620 3.1513737 0.223 0.007 13.916 0.029 0.044
J223619+132620 2.7464983 0.114 0.008 13.572 0.038 0.059
J223619+132620 2.8747181 0.088 0.007 13.395 0.03 0.05
J223850-295300 2.253399 0.06 0.004 13.287 0.056 0.094
J223850-295300 2.0968184 0.827 0.024 14.56 0.0 1.0
J223850-295300 2.1790942 0.357 0.015 14.238 0.0 1.0
J223938-295450 1.3667255 0.547 0.014 14.405 0.0 1.0
J223941-294954 1.7073185 1.133 0.02 14.729 0.0 1.0
J223941-294954 1.8251021 0.489 0.011 14.403 0.0 1.0
J223951-294836 1.657036 0.355 0.013 14.216 0.02 0.048
J223953-055219 3.4808062 0.04 0.002 13.049 0.044 0.058
J223953-055219 4.2305139 0.1 0.01 13.449 0.031 0.044
J223953-055219 3.7468741 0.063 0.008 13.208 0.022 0.045
J223953-055219 3.8313431 0.413 0.024 14.134 0.017 0.028
J223953-055219 4.3606457 0.457 0.014 14.176 0.016 0.023
J223953-055219 3.9781855 0.114 0.013 13.475 0.016 0.031
J223953-055219 4.0796972 0.209 0.015 13.822 0.026 0.037
J224145+122557 2.5335616 0.181 0.016 13.744 0.021 0.035
J224145+122557 2.4178625 0.1 0.01 13.476 0.022 0.048
J224145+122557 2.1519303 0.24 0.018 13.991 0.021 0.04
J224145+122557 1.8743412 0.491 0.004 14.546 0.0 1.0
J224145+122557 2.2293025 0.168 0.01 13.793 0.025 0.041
J224752-123719 1.6773585 0.058 0.005 13.23 0.049 0.073
J224752-123719 1.4806868 0.034 0.003 12.99 0.052 0.095
J224752-123719 1.3428027 0.316 0.013 14.11 0.0 1.0
J224752-123719 1.5676935 0.047 0.006 13.093 0.041 0.076
J225153-314619 1.2728089 0.033 0.003 12.961 0.047 0.079
J225154-314520 1.655582 0.806 0.009 14.681 0.0 1.0
J225154-314520 1.7077514 0.185 0.015 13.726 0.025 0.039
J225154-314520 1.3575621 1.16 0.012 14.831 0.0 1.0
J225310-365815 2.7410626 0.127 0.006 13.556 0.032 0.043
J225310-365815 2.6930462 0.301 0.011 13.959 0.024 0.032
J225310-365815 2.896045 0.047 0.004 13.062 0.035 0.056
J225310-365815 2.9071304 0.114 0.003 13.538 0.041 0.049
J225310-365815 2.7352104 0.055 0.003 13.229 0.06 0.075
J225409+244523 1.6459207 0.195 0.009 13.939 0.037 0.09
J225409+244523 1.7499592 0.294 0.01 14.13 0.0 1.0
J225409+244523 2.1558774 0.681 0.01 14.558 0.0 1.0
J225719-100104 1.8349294 1.607 0.014 14.973 0.0 1.0
J225719-100104 1.6612707 0.259 0.007 14.07 0.032 0.042
J225719-100104 1.9012791 0.027 0.002 12.892 0.072 0.104
J225719-100104 1.9618824 0.103 0.005 13.508 0.044 0.059
J230301-093930 2.9347352 0.017 0.002 12.605 0.041 0.073
J230301-093930 2.944847 0.06 0.002 13.236 0.048 0.056
J230301-093930 3.100364 0.172 0.003 13.727 0.036 0.04
J230301-093930 2.6950106 0.037 0.002 13.0 0.044 0.056
J230301-093930 3.3118964 0.036 0.003 12.969 0.043 0.058
J230301-093930 3.3370088 0.022 0.001 12.773 0.05 0.066
J231324+003444 2.048577 0.929 0.011 14.656 0.021 0.028
J231324+003444 1.9023604 0.383 0.014 14.16 0.027 0.04
J231324+003444 1.4824262 0.257 0.005 14.108 0.041 0.06
J231324+003444 1.5541309 0.029 0.004 12.899 0.043 0.094
J231324+003444 1.501849 0.199 0.01 13.824 0.036 0.049
J231324+003444 1.8320654 0.375 0.017 14.082 0.022 0.034
J231324+003444 1.6873051 0.331 0.007 14.341 0.0 1.0
J231359-370446 2.3320802 0.111 0.007 13.488 0.029 0.043
J231543+145606 2.5941696 0.159 0.005 13.917 0.043 0.061
J231543+145606 2.5322914 0.046 0.004 13.108 0.064 0.094
J231543+145606 2.8982844 0.042 0.006 13.058 0.05 0.086
J232046-294406 1.7187749 0.248 0.006 14.113 0.0 1.0
J232046-294406 1.8877423 1.686 0.019 14.931 0.0 1.0
J232115+142131 2.3449915 0.214 0.011 13.839 0.027 0.048
J232115+142131 2.4756598 0.075 0.003 13.483 0.062 0.101
J232128-105122 2.6156904 0.023 0.003 12.75 0.039 0.062
J232128-105122 2.6281817 0.029 0.002 12.874 0.042 0.06
J232128-105122 2.8929033 0.112 0.002 13.65 0.06 0.065
J232128-105122 2.2095922 0.108 0.003 13.494 0.038 0.044
J232128-105122 2.4542918 0.053 0.004 13.143 0.032 0.045
J232128-105122 2.7820369 0.013 0.002 12.496 0.045 0.085
J232128-105122 2.6628857 0.097 0.005 13.414 0.031 0.039
J232128-105122 2.5208794 0.368 0.004 14.285 0.039 0.042
J232128-105122 2.2011071 0.188 0.005 13.742 0.03 0.034
J232917-473019 1.2614276 1.009 0.023 14.631 0.0 1.0
J233156-090802 2.5665456 0.108 0.004 13.727 0.051 0.071
J233156-090802 2.4993993 0.417 0.011 14.154 0.024 0.031
J233156-090802 2.0277512 0.581 0.106 14.377 0.02 0.032
J233156-090802 2.320608 0.223 0.01 13.931 0.039 0.049
J233156-090802 2.1405082 2.217 0.011 15.168 0.0 1.0
J233756-175220 1.3234096 0.25 0.014 14.012 0.0 1.0
J233823+150445 2.31899 0.08 0.005 13.518 0.04 0.075
J233823+150445 2.2329162 0.232 0.008 13.96 0.033 0.056
J234352+141014 2.2359915 0.297 0.006 14.108 0.042 0.057
J234352+141014 2.6968493 0.584 0.016 14.4 0.024 0.042
J234352+141014 2.6766546 0.151 0.009 13.673 0.046 0.079
J234352+141014 2.8452407 0.689 0.012 14.523 0.028 0.047
J234352+141014 2.7768333 0.107 0.006 13.587 0.067 0.095
J234352+141014 2.2913262 0.498 0.014 14.366 0.0 1.0
J234352+141014 2.1036908 0.141 0.003 13.764 0.077 0.093
J234352+141014 2.6584163 0.103 0.005 13.555 0.065 0.1
J234403+034226 3.4893271 0.064 0.004 13.283 0.046 0.067
J234403+034226 3.2201582 0.566 0.004 14.663 0.0 1.0
J234403+034226 3.8845315 0.451 0.01 14.22 0.025 0.033
J234403+034226 3.3643799 0.086 0.006 13.377 0.029 0.049
J234856-104131 2.3624812 0.433 0.003 14.434 0.0 1.0
J234856-104131 2.6314691 0.3 0.011 14.074 0.031 0.071
J234856-104131 2.3433811 0.174 0.004 13.95 0.05 0.073
J234856-104131 2.6919496 0.099 0.01 13.443 0.035 0.063
J234856-104131 2.6779416 0.345 0.01 14.136 0.028 0.047
J235050+045507 2.0751032 0.182 0.009 13.876 0.044 0.067
J235050+045507 2.168472 0.703 0.013 14.627 0.011 0.021
J235050+045507 2.5094899 0.303 0.01 14.175 0.029 0.076
J235050+045507 2.2804256 1.443 0.029 14.947 0.0 1.0
J235050+045507 2.0489859 0.078 0.01 13.327 0.034 0.068
J235050+045507 1.8548758 0.028 0.002 12.895 0.064 0.096
J235050+045507 1.9254108 0.054 0.004 13.24 0.066 0.098
J235050+045507 2.5335883 0.485 0.019 14.271 0.024 0.038
J235534-395355 1.5389939 0.217 0.013 13.814 0.027 0.038
J235534-395355 1.2976791 1.096 0.013 14.825 0.0 1.0
J235702-004824 2.6776056 0.106 0.006 13.488 0.036 0.049
J235702-004824 2.744771 0.054 0.006 13.162 0.038 0.066
J235702-004824 2.3663581 0.164 0.005 13.751 0.043 0.05
J235702-004824 2.4822543 0.748 0.01 14.529 0.0 1.0
J235702-004824 2.800137 0.05 0.006 13.1 0.034 0.062
J235702-004824 2.5092109 0.396 0.017 14.09 0.023 0.029
J235702-004824 1.5017066 0.298 0.01 14.054 0.033 0.042
J235714-273659 1.677491 0.273 0.021 13.968 0.026 0.05
